0 0 0 20 0 16 0 23 37 8 34 78 0 26 0 15 0 26 65 0 37 24 0 65 0 25 0 84 9 0 41 10 19
1 0 0 0 60 76 0 23 0 0 0 0 0 33 65 0 31 43 0 36 0 46 85 0 34 24 20 13 0 8 68 98 15
2 44 23 0 16 36 0 0 27 0 1 0 13 16 25 26 0 30 17 0 0 8 32 0 0 24 25 2 31 10 0 30 0
3 0 0 0 91 31 0 126 40 0 56 52 0 0 0 0 0 32 0 40 26 4 0 28 0 0 0 90 0 26 56 2 39
4 0 8 0 0 0 0 62 10 41 51 0 0 0 9 8 0 21 29 23 5 0 0 0 0 0 0 51 39 16 0 6 37
5 65 39 0 11 31 0 0 44 1 0 0 12 21 27 37 0 35 18 0 0 7 46 6 8 37 25 9 44 17 0 34 0
6 0 20 36 31 38 0 7 20 25 66 42 0 0 0 65 0 0 45 0 3 4 0 0 0 0 0 40 89 21 0 23 47
7 0 14 46 0 51 0 0 14 60 0 0 19 0 9 48 0 14 0 0 0 0 1 0 16 75 0 19 58 13 0 0 0
8 0 0 0 0 1 0 64 33 0 38 0 0 0 34 0 94 38 10 65 1 36 25 0 0 0 0 53 59 20 21 13 19
9 0 0 46 31 5 0 0 67 57 60 26 22 5 0 87 0 69 68 0 1 7 0 33 0 26 0 84 108 33 0 2 27
10 0 0 10 37 0 0 108 41 0 47 0 0 0 0 0 0 12 0 40 48 70 0 0 0 0 0 46 0 0 57 31 30
11 20 0 0 27 55 0 34 18 0 42 0 0 1 0 6 0 28 0 36 18 2 13 0 16 0 2 17 30 65 0 3 52
12 0 6 46 0 16 0 13 35 37 37 37 36 0 38 48 0 39 46 17 21 0 0 36 8 35 0 69 50 0 23 0 33
13 0 0 0 16 0 0 92 41 0 36 2 0 0 0 0 0 18 0 36 46 44 0 37 22 0 0 61 3 0 56 3 27
14 0 1 0 7 66 0 0 53 0 0 7 71 47 30 50 5 29 8 0 13 1 42 0 0 90 40 15 19 34 0 46 0
15 0 5 46 32 34 0 10 13 0 14 41 0 0 0 0 50 0 0 14 5 0 0 0 7 25 0 36 16 8 11 44 45
16 0 3 14 0 7 0 52 35 49 72 0 0 0 20 23 0 35 50 34 61 0 0 4 0 6 9 66 51 1 7 1 39
17 0 0 20 0 24 0 61 35 0 65 96 0 23 0 8 0 27 68 0 73 7 4 65 0 8 2 101 0 0 47 9 26
18 0 15 0 29 54 0 2 0 0 0 55 0 11 0 0 18 9 0 6 3 0 0 0 0 58 11 65 45 36 0 44 64
19 0 27 32 3 14 0 17 11 34 63 0 0 0 0 56 0 11 28 24 0 13 0 0 0 0 0 34 26 13 0 4 17
20 11 38 27 35 31 0 0 54 45 41 43 52 0 23 99 0 10 57 0 0 18 0 56 4 35 0 72 75 40 0 28 0
21 0 0 5 21 58 0 31 0 16 0 0 0 0 1 30 11 28 0 37 0 0 42 0 0 6 27 35 35 31 0 24 45
22 56 32 0 3 30 0 13 16 30 56 0 0 13 0 33 0 26 4 6 20 0 8 0 0 0 21 18 56 59 4 1 51
23 0 0 70 3 36 0 14 12 0 13 20 38 0 11 42 53 51 23 51 33 55 16 0 0 0 0 11 28 22 36 48 0
24 0 17 39 0 3 0 11 11 31 48 9 0 0 0 17 0 6 8 20 0 0 0 0 0 20 0 30 49 9 0 3 19
25 0 0 0 109 0 0 176 61 0 101 0 0 0 0 0 0 64 0 100 0 82 0 8 0 0 0 119 49 39 9 0 59
26 0 0 0 0 16 0 35 23 38 22 80 0 10 2 9 0 7 0 0 58 0 0 33 0 15 0 48 1 0 16 13 0
27 0 13 43 0 19 0 41 32 37 73 0 0 0 11 41 0 33 51 43 0 10 0 0 0 0 0 59 46 30 0 5 24
28 0 0 0 52 0 0 123 53 0 9 17 0 0 0 0 0 29 0 43 67 42 0 19 11 0 0 81 0 0 72 48 32
29 0 0 11 6 50 0 0 34 0 0 18 56 51 10 41 10 20 2 0 0 0 12 0 0 72 22 9 34 34 0 43 10
30 0 0 50 27 79 0 0 34 20 3 75 30 8 0 77 9 19 43 0 70 32 54 22 0 83 6 49 38 22 0 64 0
31 0 0 0 0 43 0 0 31 2 0 23 54 40 17 37 5 9 4 0 12 0 10 0 0 59 24 13 17 24 0 21 0
32 0 0 57 0 78 0 0 12 0 0 0 0 4 0 53 22 0 37 0 44 40 26 0 0 76 7 50 54 37 0 63 0
33 0 0 0 0 0 12 56 3 48 25 0 0 0 0 0 0 20 0 70 0 0 0 16 17 0 0 73 41 82 0 0 33
34 32 9 0 14 0 0 4 27 16 11 53 0 35 8 72 0 45 106 0 40 39 4 26 0 0 34 43 69 0 34 11 0
35 0 0 0 30 32 0 97 13 0 0 25 0 68 11 0 7 45 25 28 4 31 9 0 0 0 0 14 0 0 40 82 4
36 0 0 0 0 2 0 46 32 17 67 111 0 30 0 7 12 18 52 0 87 0 0 33 0 35 22 45 29 0 37 35 26
37 0 0 1 0 54 0 0 47 0 0 25 75 55 19 44 14 21 11 0 3 0 18 0 0 76 34 18 34 34 0 30 3
38 0 0 1 18 42 0 33 16 0 0 8 0 11 0 8 23 29 0 25 50 22 67 0 8 33 40 15 7 3 28 67 12
39 0 0 0 13 64 0 0 49 0 0 0 74 31 33 60 10 44 10 0 11 3 72 0 0 92 30 21 32 25 0 46 1
40 0 0 0 1 15 0 0 33 0 0 0 38 28 17 21 9 20 7 0 6 0 17 0 0 42 35 1 5 17 0 22 0
41 0 0 13 0 10 0 31 10 25 35 74 0 39 0 33 0 21 20 0 52 0 10 37 0 44 13 29 18 0 12 9 16
42 11 76 58 0 34 0 0 37 55 69 22 0 0 2 81 0 15 45 8 14 0 0 0 1 20 11 38 85 13 0 3 27
43 21 30 0 0 38 0 0 7 9 0 0 20 40 0 0 3 47 0 52 6 21 100 6 48 32 0 44 0 24 0 14 0
44 0 0 40 49 59 0 0 10 0 5 28 34 44 0 55 0 45 29 0 24 29 25 0 0 62 40 32 42 45 0 71 3
45 0 0 27 19 28 0 17 37 0 0 12 37 0 0 52 37 24 0 27 34 36 21 0 16 0 0 52 12 28 0 63 0
46 0 0 14 0 61 0 0 11 0 0 36 40 52 18 47 8 14 8 0 11 0 4 0 0 79 15 12 38 42 0 54 0
47 2 25 0 30 32 0 4 0 0 10 0 0 44 48 12 4 49 12 47 0 35 55 0 36 0 53 0 3 27 0 34 20
48 0 58 83 0 53 0 23 50 43 105 11 0 0 31 77 0 9 49 16 7 7 0 0 0 0 0 91 73 23 0 21 39
49 0 17 12 0 0 0 29 29 59 70 0 0 0 0 33 0 34 39 33 11 9 0 0 10 0 0 49 76 40 0 0 41
50 0 0 0 49 38 0 44 0 0 0 8 19 0 0 40 27 59 0 27 0 35 61 0 0 0 0 51 9 37 0 30 26
51 0 48 35 38 59 0 9 53 0 21 55 0 0 0 0 26 2 43 7 40 0 43 10 0 64 14 57 37 32 0 14 70
52 0 0 58 0 17 0 8 23 0 0 14 36 0 16 48 20 6 8 31 0 50 0 18 1 0 0 50 35 26 44 15 0
53 0 21 36 25 29 0 15 27 0 21 15 0 0 0 13 41 0 12 15 23 10 0 0 0 13 0 19 28 23 5 23 35
54 0 16 0 6 19 0 34 7 0 19 0 0 0 0 0 0 31 0 21 0 8 23 0 2 0 66 10 47 45 0 17 117
55 0 0 0 9 11 0 62 28 0 0 11 0 0 0 33 0 36 3 56 40 37 15 27 18 0 0 63 8 0 51 30 38
56 0 0 43 0 12 0 47 22 46 94 0 0 0 0 36 0 32 63 29 0 32 5 0 0 0 0 74 58 10 0 0 36
57 53 18 0 0 30 0 0 41 0 0 0 13 15 28 24 0 28 12 0 9 4 42 7 2 40 25 11 24 8 0 35 0
58 0 0 51 0 12 0 26 52 65 59 14 0 0 21 35 0 47 31 28 15 0 0 29 18 22 0 98 49 0 0 0 20
59 14 0 6 0 14 0 0 28 8 0 4 33 0 11 24 0 0 18 15 0 25 0 40 4 0 0 24 52 19 45 0 3
60 0 0 0 0 15 0 17 32 45 38 119 0 32 0 0 0 0 15 0 43 0 0 27 0 34 0 77 0 0 16 0 10
61 0 0 0 28 25 0 6 32 0 15 0 42 42 26 17 0 95 46 41 0 38 40 10 33 0 0 64 37 0 0 26 0
62 0 0 25 0 12 0 0 23 37 43 0 4 0 16 33 23 19 21 20 37 0 2 0 0 19 22 19 42 0 6 1 22
63 0 25 5 52 47 0 7 20 0 29 0 1 31 7 45 0 50 46 22 31 41 12 0 6 11 42 15 20 25 0 68 0
64 0 0 12 0 4 0 0 59 54 27 67 0 52 0 67 0 80 157 0 28 29 43 28 0 22 35 64 53 0 0 0 18
65 0 23 31 9 42 0 0 16 18 24 9 37 0 4 58 0 21 32 15 1 9 15 0 7 33 0 25 21 27 0 28 7
66 32 11 0 46 33 0 46 21 7 55 0 0 29 0 0 0 28 9 7 0 4 3 0 0 0 9 34 27 48 0 15 16
67 0 42 0 0 0 0 52 42 33 37 0 0 0 19 0 0 14 37 50 0 16 0 0 9 0 0 55 50 15 0 0 28
68 0 29 79 28 89 0 7 48 0 28 21 0 2 0 104 0 27 43 0 66 63 50 0 0 37 34 60 67 31 1 90 0
69 0 0 0 71 0 0 79 37 0 0 0 0 0 0 0 0 18 0 29 0 19 0 55 0 0 17 51 19 0 21 0 38
70 0 0 27 0 6 0 53 54 14 67 97 0 45 0 17 0 23 57 0 57 7 5 49 0 2 0 87 0 0 39 11 36
71 0 0 0 51 0 0 136 60 0 42 0 0 0 0 0 0 25 0 56 41 64 0 0 0 0 0 55 18 0 60 7 62
72 0 0 0 61 33 0 88 0 0 28 0 0 69 0 0 0 61 0 24 36 77 10 0 0 0 36 66 0 0 42 98 0
73 31 25 0 12 19 0 0 51 35 0 52 25 14 17 77 0 61 69 0 35 3 0 27 37 37 10 42 64 0 0 29 0
74 0 0 0 0 54 0 0 51 0 0 15 86 56 19 47 7 37 13 0 0 0 30 0 0 81 28 16 31 32 0 45 6
75 0 21 31 0 14 0 0 44 51 13 78 0 45 0 33 0 40 12 0 3 0 0 28 0 52 0 57 36 1 0 0 15
76 0 8 31 22 60 0 0 25 0 0 0 25 0 0 38 19 0 3 0 34 45 38 0 5 45 0 29 11 38 0 78 0
77 0 0 0 23 20 0 40 11 0 17 72 0 26 40 0 0 17 19 3 8 0 0 0 0 15 32 0 30 0 45 14 27
78 15 22 3 16 40 0 0 42 23 0 13 39 0 31 74 0 24 53 0 4 0 0 26 1 41 0 43 62 34 0 28 0
79 1 0 0 21 17 0 14 73 56 14 133 0 35 0 75 0 72 65 0 20 0 0 54 0 12 0 90 106 0 33 0 20
80 0 4 20 0 22 0 20 9 40 40 70 0 0 13 41 0 0 0 0 10 0 0 38 0 50 0 65 39 0 34 0 0
81 0 0 0 23 18 0 70 3 4 41 20 7 15 0 19 41 45 1 35 6 0 4 0 0 0 23 43 22 16 0 16 57
82 0 68 0 2 32 0 91 0 0 0 0 0 81 19 0 10 63 34 82 16 40 33 0 45 0 43 50 0 0 11 67 22
83 0 4 7 0 14 0 35 14 37 43 82 0 6 7 34 0 0 18 0 43 0 0 28 0 19 0 55 27 0 39 0 8
84 2 19 0 0 36 0 24 10 0 0 0 0 0 15 44 7 21 3 47 10 26 2 0 0 0 0 20 77 0 18 20 18
85 0 71 51 4 54 0 31 41 75 88 0 0 0 0 85 0 8 56 19 0 42 0 0 0 0 0 77 86 47 0 21 38
86 9 19 0 0 28 0 0 35 37 7 89 1 47 9 53 0 28 58 0 28 0 0 49 0 57 24 46 66 0 44 0 32
87 0 0 57 41 50 0 27 20 0 43 53 8 12 0 33 9 0 0 0 45 0 0 0 0 49 1 84 35 61 0 29 31
88 0 0 0 11 14 0 39 0 23 86 0 0 0 0 3 18 36 13 50 4 0 0 0 19 22 35 8 69 93 0 0 89
89 62 43 0 25 47 0 0 33 0 0 0 23 29 25 50 0 52 29 4 0 18 54 0 2 33 15 3 50 26 0 38 0
90 8 60 7 12 38 0 36 46 0 0 20 0 5 0 47 20 0 0 1 83 34 27 15 4 0 0 44 0 0 0 80 0
91 0 14 0 13 48 0 20 1 8 4 0 10 12 26 31 26 41 13 34 0 0 55 0 0 4 48 21 20 48 0 18 59
92 0 0 2 10 7 0 0 25 28 7 6 36 2 28 57 0 39 58 9 0 14 0 4 16 0 0 10 48 22 0 13 2
93 0 0 48 54 76 0 19 47 0 1 96 27 10 0 85 0 18 26 0 70 20 15 20 0 67 10 71 52 29 10 84 0
94 0 0 0 0 78 0 0 37 0 0 14 87 64 42 64 0 38 15 0 2 0 20 0 0 92 41 17 49 54 0 50 11
95 0 47 0 0 17 0 37 64 71 68 0 10 0 16 44 3 51 9 59 0 0 9 0 4 0 0 103 80 39 0 0 42
96 0 0 13 0 42 0 0 24 20 0 35 46 34 7 37 6 6 7 0 2 0 3 0 0 58 3 13 25 16 0 28 4
97 0 2 8 3 37 0 0 65 33 23 50 24 30 0 37 17 65 80 16 22 3 102 24 0 85 56 47 66 8 0 0 38
98 0 6 0 14 37 0 96 0 0 2 0 0 23 17 0 33 15 0 43 0 19 0 0 0 0 0 12 7 0 50 19 57
99 0 27 14 0 12 0 29 35 75 53 7 0 0 0 41 5 38 44 13 66 0 16 9 0 43 24 71 77 0 0 0 45
100 0 0 0 5 17 0 29 2 1 17 0 0 0 0 7 0 15 0 15 3 0 6 0 9 3 35 0 33 48 0 5 58
101 0 0 0 13 0 0 80 35 0 16 0 0 0 11 0 8 9 0 35 25 51 0 33 7 0 0 49 8 0 60 0 31
102 0 0 60 0 43 0 17 29 0 0 73 0 24 0 47 76 0 30 0 45 21 0 15 0 0 0 54 69 0 53 31 0
103 2 61 34 0 0 0 42 14 38 86 0 0 0 8 0 0 17 66 43 0 40 0 0 15 0 0 55 36 29 0 11 10
104 0 0 44 0 13 0 31 21 19 23 0 0 0 0 0 35 23 21 4 50 0 7 0 2 45 0 32 64 0 2 0 29
105 0 7 37 0 8 0 14 22 53 49 6 7 0 30 29 0 29 38 28 31 0 0 25 0 26 0 57 50 0 7 3 23
106 0 0 0 2 33 0 87 31 0 38 0 0 60 0 23 0 62 14 47 32 73 74 0 11 0 0 54 0 0 20 56 0
107 80 23 0 27 34 0 0 13 0 0 0 0 0 14 35 0 37 0 32 0 32 81 14 37 19 0 12 42 4 0 31 0
108 0 21 32 8 51 0 4 15 51 53 37 19 0 10 74 9 0 12 0 51 0 0 0 0 46 0 48 65 22 0 29 15
109 0 32 5 0 0 0 30 28 51 63 8 23 7 0 33 0 15 27 28 3 0 0 0 0 3 0 36 36 30 0 0 49
110 0 80 0 0 71 0 14 38 0 0 1 45 34 0 64 0 53 0 40 18 85 44 9 23 0 0 29 0 0 1 82 0
111 51 25 0 0 33 0 0 37 5 0 6 14 33 29 40 0 33 37 0 32 0 47 16 0 57 68 12 55 0 0 28 0
112 0 0 38 26 58 0 7 29 0 5 18 42 17 9 54 0 21 13 5 42 49 29 0 0 66 0 42 38 43 0 78 0
113 0 35 31 0 27 0 0 20 48 36 19 3 0 48 58 0 16 23 3 41 0 0 15 0 51 8 48 56 0 3 0 26
114 0 0 0 0 12 0 0 18 43 0 30 29 47 0 44 4 46 36 5 30 0 47 3 0 71 57 37 41 3 0 0 23
115 0 10 38 0 8 0 0 34 25 25 3 45 0 34 51 15 31 24 34 0 0 0 0 0 42 25 16 42 28 0 0 48
116 0 23 23 0 38 0 0 3 30 31 29 7 10 14 59 0 20 37 11 18 0 0 0 0 18 12 20 45 27 0 4 23
117 0 0 30 0 9 0 24 45 38 35 0 0 0 8 19 0 51 68 40 0 10 0 0 19 0 0 64 72 49 0 3 34
118 0 24 30 0 0 0 2 33 21 38 13 24 0 47 39 17 17 25 19 19 8 0 8 12 27 0 35 42 8 20 0 29
119 0 0 0 11 1 0 75 15 2 46 58 0 28 16 13 23 74 32 14 50 0 0 0 0 0 23 31 61 0 43 18 56
120 0 0 92 22 60 0 42 38 0 46 47 0 0 0 60 62 24 39 0 82 63 0 0 0 0 0 45 75 0 21 74 39
121 0 0 16 0 0 0 5 52 38 55 0 32 4 8 32 0 60 54 42 0 13 0 0 2 0 17 44 60 33 0 0 41
122 0 1 2 0 27 0 0 2 28 29 62 0 15 0 44 0 0 24 0 27 0 0 7 0 39 31 32 23 0 16 0 0
123 0 20 0 31 50 0 27 7 26 34 0 0 2 16 20 29 22 0 18 0 0 8 0 0 0 32 22 7 53 0 16 43
124 7 0 35 22 21 0 0 70 38 100 46 0 0 17 44 0 18 52 0 0 0 0 0 0 20 0 77 77 86 0 26 29
125 0 39 9 0 19 0 2 6 19 10 0 9 0 39 32 0 19 8 0 28 0 14 0 1 52 8 23 64 17 0 7 4
126 0 0 0 49 19 0 97 33 0 45 21 0 0 0 0 0 19 10 12 72 0 0 0 0 0 0 59 0 0 41 36 52
127 0 0 70 4 20 0 31 20 0 13 49 26 17 34 50 54 10 0 57 22 40 0 20 0 0 0 35 63 0 66 37 0
128 0 37 11 0 57 0 5 18 0 0 37 0 11 15 68 10 26 42 10 69 42 11 18 0 0 6 42 104 0 22 62 20
129 0 0 47 14 25 0 24 19 0 17 30 33 0 10 51 67 25 12 31 57 57 13 0 0 0 0 22 43 0 31 58 0
130 0 0 0 16 31 0 53 24 52 31 4 18 16 0 54 53 76 14 47 0 0 22 0 0 0 1 68 36 62 0 4 70
131 0 0 0 23 34 0 70 11 3 11 0 12 19 5 36 78 96 3 78 2 2 44 0 0 0 0 65 34 54 6 1 63
132 0 0 23 45 64 0 59 0 0 6 67 0 18 0 7 87 45 0 8 65 6 2 0 0 0 0 27 21 0 33 46 56
133 1 15 0 0 3 0 51 15 39 26 60 0 80 0 50 0 51 76 30 54 0 44 26 0 22 64 96 22 0 0 0 48
134 0 24 1 0 57 0 3 14 0 0 37 22 45 23 59 7 35 8 30 49 40 13 0 17 0 0 35 44 0 13 61 29
135 0 0 0 7 63 0 0 46 0 0 0 67 42 33 54 15 38 9 0 14 0 62 0 0 90 43 20 30 27 0 46 2
136 0 0 0 22 9 0 94 29 0 12 8 0 0 0 5 0 25 0 44 36 35 0 0 0 0 0 46 12 0 54 35 46
137 73 24 0 23 45 0 0 28 0 0 0 24 22 20 60 0 58 18 17 0 19 71 0 27 32 23 14 56 28 0 43 0
138 0 0 0 50 28 0 51 0 13 64 0 0 0 0 0 0 45 0 35 2 0 0 0 0 0 16 14 56 94 0 0 79
139 11 0 0 0 0 0 7 28 50 30 0 15 23 36 45 0 51 73 41 0 0 5 0 9 0 0 56 81 14 10 0 59
140 0 0 0 7 13 0 7 6 0 0 0 34 13 11 24 19 37 1 31 0 15 27 0 0 2 10 21 7 24 2 5 31
141 0 10 0 0 0 0 47 38 38 34 113 0 46 0 22 0 10 31 0 47 1 0 62 0 8 0 78 0 0 34 9 12
142 0 22 23 0 23 0 16 9 0 13 29 0 54 0 1 6 2 62 0 80 0 7 0 0 40 39 46 36 0 0 40 1
143 25 0 0 7 30 0 0 37 0 0 0 31 28 30 32 2 36 9 0 0 0 42 0 0 50 42 0 28 12 0 30 0
144 0 0 9 0 8 0 0 24 67 9 39 21 52 0 73 0 67 64 31 31 0 64 34 0 52 21 48 55 0 5 0 16
145 0 0 4 0 44 0 0 37 0 0 26 60 53 10 34 9 13 1 0 6 0 17 0 0 63 16 10 19 31 0 21 2
146 0 2 12 0 34 0 15 40 0 0 0 0 20 41 59 0 45 36 41 33 3 2 0 0 0 35 36 75 0 34 16 54
147 0 55 0 15 59 0 92 0 0 28 0 0 42 29 0 0 50 86 82 0 58 52 0 35 0 31 82 0 9 0 65 0
148 0 0 0 21 0 0 82 34 0 2 3 0 0 0 0 6 31 0 44 31 42 1 0 11 0 0 50 0 0 44 16 29
149 13 24 0 0 37 33 0 0 29 0 0 6 0 8 0 0 26 0 3 0 0 0 13 41 25 0 56 22 45 0 45 4
150 0 5 47 0 15 0 29 39 29 47 0 0 0 23 44 35 43 37 31 47 8 12 0 0 31 20 54 48 0 0 25 25
151 0 46 30 0 15 0 55 52 7 30 0 0 0 25 0 25 21 22 49 72 5 0 0 0 59 34 73 71 0 37 39 40
152 0 0 45 0 15 0 0 25 0 0 4 66 5 7 24 19 11 19 61 0 45 8 69 11 0 0 58 57 0 49 22 0
153 0 0 0 11 30 0 26 6 0 0 18 21 9 12 20 48 12 0 0 42 18 0 0 0 10 0 35 8 0 16 34 0
154 0 0 0 0 29 2 0 34 0 0 19 54 25 17 30 20 15 9 0 9 0 15 0 0 57 31 5 20 26 0 10 0
155 0 0 83 62 37 0 26 13 0 56 51 40 0 13 66 64 47 13 61 0 49 0 0 0 0 0 35 79 32 10 59 0
156 0 0 0 25 2 0 45 0 45 81 0 0 0 0 10 34 40 15 48 0 18 17 0 0 0 33 29 41 69 0 1 73
157 0 0 0 12 0 0 85 20 0 11 9 0 0 0 0 0 28 0 22 44 7 15 0 0 0 0 48 6 0 40 16 41
158 0 0 0 67 16 0 52 0 0 0 33 0 69 25 2 0 0 0 0 49 0 6 0 0 29 57 47 1 0 41 25 24
159 0 0 22 0 19 0 0 24 22 4 17 57 0 18 41 0 12 13 0 0 3 10 0 12 46 0 38 35 59 0 0 0
160 0 57 38 0 46 0 0 0 9 66 18 0 15 17 51 0 11 39 7 5 0 0 0 0 23 5 13 81 19 0 0 47
161 0 0 0 56 21 0 65 0 5 9 0 0 0 0 0 45 44 0 53 0 15 34 0 19 0 0 51 0 64 0 0 38
162 0 0 70 27 41 0 52 20 0 12 44 7 20 12 41 87 12 7 34 53 75 0 0 0 0 0 45 54 0 73 85 0
163 0 36 41 0 2 0 42 54 58 96 0 0 0 0 9 0 37 70 34 5 9 0 0 0 0 0 82 63 17 0 6 40
164 32 0 0 23 20 0 9 0 43 63 0 0 0 0 41 0 47 17 25 13 0 4 0 0 2 40 17 56 57 0 0 79
165 0 3 30 48 50 0 36 19 0 18 29 0 0 0 17 75 16 0 8 55 0 0 0 0 19 0 45 48 6 0 43 61
166 0 33 0 0 0 0 44 36 49 36 7 27 27 0 50 2 28 27 53 5 0 12 15 14 0 0 65 30 12 0 0 11
167 61 0 0 38 57 0 0 25 19 14 0 42 0 0 12 0 20 28 14 0 46 0 28 29 0 0 80 46 71 0 37 0
168 0 0 0 6 57 0 0 47 0 0 12 76 55 27 40 10 26 4 0 7 0 30 0 0 76 36 16 15 31 0 37 3
169 0 31 46 14 39 0 13 27 35 82 9 0 0 0 70 0 0 38 14 13 0 0 0 0 17 1 47 40 21 0 15 25
170 0 32 39 0 19 0 1 3 27 41 31 0 0 10 37 0 15 18 26 0 6 0 0 0 18 0 22 55 3 0 2 5
171 54 0 0 2 7 0 4 47 22 0 67 0 48 0 55 0 71 91 0 33 0 22 41 30 19 33 55 60 0 35 27 2
172 0 88 0 0 75 0 61 17 0 0 0 0 28 22 2 13 17 0 64 38 104 97 0 40 0 0 8 0 0 47 116 0
173 0 25 9 26 43 0 13 41 0 5 11 0 0 0 8 0 0 0 9 45 15 0 0 20 23 0 55 26 57 8 42 2
174 0 25 0 8 16 0 28 6 0 0 0 0 41 34 16 2 38 21 40 10 14 40 0 14 10 59 21 40 0 0 35 15
175 18 18 16 0 17 0 0 24 0 11 6 7 4 9 12 9 9 14 0 23 0 11 13 0 33 30 10 22 0 0 18 0
176 0 0 0 2 29 0 0 32 0 0 0 43 32 23 24 3 23 7 0 2 0 25 0 0 51 25 6 10 16 0 28 0
177 0 15 12 0 29 0 15 20 0 0 2 7 13 20 50 9 35 28 28 47 0 9 0 0 0 28 35 46 9 10 20 44
178 0 4 0 4 43 0 0 46 0 0 4 50 32 34 36 17 30 7 0 7 0 41 0 0 72 28 14 21 22 0 33 0
179 0 36 0 0 59 0 18 31 0 0 33 0 45 9 39 11 37 0 22 40 28 32 0 0 1 30 26 55 0 29 49 47
180 0 0 0 2 33 0 0 39 0 0 12 47 26 26 34 15 19 8 0 12 0 27 0 0 67 36 15 17 22 0 25 0
181 0 25 0 0 74 0 24 17 0 0 0 0 36 25 53 5 37 0 9 43 1 33 0 0 13 35 31 33 0 0 53 56
182 0 0 21 0 33 0 15 10 0 3 33 46 27 48 39 33 17 3 14 40 15 0 17 0 15 0 40 15 14 40 40 6
183 0 0 9 92 18 0 136 41 0 72 0 0 0 0 0 0 18 0 59 24 82 0 0 0 0 0 55 7 0 25 24 26
184 0 45 4 24 48 0 18 23 0 0 0 0 12 7 64 0 40 0 29 4 27 30 0 13 0 0 51 27 18 0 56 18
185 0 3 0 0 5 0 37 28 64 40 0 15 0 36 34 14 41 40 21 37 0 0 0 18 19 4 71 39 32 0 1 51
186 0 43 0 21 58 0 31 11 0 0 0 0 37 23 20 17 43 0 34 84 34 107 0 16 25 102 22 35 0 43 95 32
187 0 0 62 12 34 0 29 21 0 6 2 0 0 0 20 71 31 28 21 69 23 23 0 0 27 25 44 39 0 24 64 25
188 0 0 0 14 0 0 102 58 0 4 1 0 0 0 0 0 4 0 66 20 93 0 106 6 0 0 85 7 0 69 7 9
189 0 0 9 0 39 0 0 17 0 0 18 40 45 12 27 0 6 2 0 9 4 6 0 0 46 13 12 15 23 0 29 0
190 93 59 0 17 33 0 0 42 5 0 0 19 32 38 64 0 46 26 6 0 9 39 4 21 44 29 21 68 24 0 43 2
191 0 0 20 0 54 0 0 12 2 0 33 42 41 7 37 8 8 8 0 2 0 7 0 0 53 4 7 30 26 0 42 11
192 0 0 0 78 10 0 81 53 0 53 0 16 0 0 18 0 39 10 40 0 80 0 18 0 0 0 81 0 26 29 48 0
193 0 0 22 0 44 0 13 4 15 46 43 0 4 0 44 0 0 33 0 58 4 0 0 0 40 13 35 56 3 0 22 17
194 0 0 18 17 13 0 103 47 0 50 29 0 0 0 9 0 13 0 32 77 41 0 28 0 0 0 66 10 0 70 41 29
195 0 0 28 0 46 0 0 2 13 0 17 6 33 0 28 27 13 18 0 24 8 35 0 4 48 0 11 40 3 13 25 0
196 0 0 0 8 68 0 0 42 0 0 0 87 42 26 65 2 49 13 0 1 0 60 0 0 90 42 18 42 40 0 46 15
197 0 0 0 32 62 0 24 0 0 0 0 56 10 26 62 33 96 23 54 0 49 68 0 8 0 0 46 54 65 12 24 47
198 0 22 45 0 26 0 7 13 34 57 41 3 4 10 60 0 20 43 32 21 0 0 0 0 0 0 44 47 7 8 0 24
199 1 48 0 17 35 0 73 28 0 0 30 0 76 20 47 0 79 46 32 69 33 34 0 5 0 71 35 18 0 11 79 18
200 0 31 0 96 112 0 70 12 0 19 0 0 41 0 59 0 61 35 50 59 66 63 0 1 4 14 107 0 12 0 115 0
201 0 0 0 65 11 0 78 18 0 75 0 0 0 0 0 0 51 0 48 0 0 0 0 4 0 62 26 60 100 0 0 87
202 81 52 0 11 28 0 0 22 0 0 0 0 20 14 28 0 25 14 14 3 9 45 0 18 0 16 1 41 3 0 21 0
203 0 0 0 6 31 0 0 35 0 0 19 50 29 17 29 19 14 0 0 7 0 23 0 0 50 21 11 7 20 0 18 0
204 47 30 0 13 33 0 0 35 0 3 0 13 17 26 26 0 31 13 0 0 7 37 0 0 27 24 5 27 8 0 28 0
205 0 0 28 6 51 0 0 12 0 0 0 0 4 0 46 10 11 11 0 47 0 49 0 0 54 15 49 17 33 0 56 0
206 0 21 43 0 39 0 0 30 52 75 49 53 0 12 70 26 27 19 0 46 0 0 20 0 46 0 57 82 0 0 30 11
207 0 0 22 39 38 0 23 6 0 23 42 0 0 0 13 47 0 0 5 25 0 0 0 0 35 0 48 60 4 19 17 35
208 0 37 0 0 1 0 48 0 0 0 0 0 58 0 0 0 68 12 81 0 21 60 0 60 0 25 17 15 28 0 44 23
209 0 10 35 0 62 0 0 34 62 13 50 27 0 0 70 6 8 5 0 3 0 0 28 0 94 0 62 80 40 0 0 0
210 0 0 33 4 27 0 45 34 31 74 7 0 0 0 15 0 26 50 13 7 23 0 0 0 0 0 65 46 5 0 5 24
211 0 20 20 0 9 0 13 45 0 0 9 21 0 24 42 0 0 2 3 7 24 0 48 0 0 0 35 38 0 75 0 0
212 0 11 36 0 49 0 0 29 43 0 38 0 0 0 39 36 12 12 0 33 0 0 0 0 73 0 54 70 0 0 0 12
213 35 23 37 10 45 0 0 19 0 23 0 19 29 0 46 0 20 27 0 57 27 57 0 0 54 47 19 38 11 0 60 0
214 0 31 45 0 55 0 11 11 22 58 52 13 0 34 75 0 15 29 1 47 0 0 15 0 56 12 51 67 1 11 16 19
215 0 18 0 47 12 0 116 44 1 83 41 0 0 0 23 6 36 13 55 45 46 0 15 0 0 0 79 11 0 41 38 32
216 21 36 73 22 52 0 10 39 2 0 21 0 0 0 74 8 49 54 0 90 38 68 0 0 26 68 43 26 0 0 80 0
217 0 0 24 15 59 0 0 16 0 0 2 58 4 23 66 50 42 0 90 0 81 46 4 8 0 0 42 72 50 13 35 0
218 0 0 30 0 37 0 0 22 7 0 65 41 33 4 28 0 6 27 0 0 22 0 58 0 0 0 34 38 4 73 0 0
219 0 0 0 52 44 0 8 35 0 0 33 43 5 2 58 59 8 0 10 8 22 0 38 0 0 0 68 0 10 0 54 0
220 0 0 21 0 22 0 60 29 41 64 101 0 0 8 13 0 0 5 0 58 0 0 38 0 43 0 74 49 0 48 0 31
221 0 5 0 8 28 0 88 16 0 26 0 0 27 0 26 11 48 24 58 57 25 74 0 0 1 67 79 4 18 5 38 33
222 0 5 0 0 12 0 95 36 13 41 79 0 24 0 0 8 101 35 91 36 13 124 6 45 0 35 65 4 4 3 68 76
223 0 0 4 1 8 0 13 29 37 30 98 0 47 0 54 0 37 67 0 67 0 4 56 0 62 18 56 47 0 33 0 22
224 50 31 0 7 23 0 0 13 0 0 0 0 8 8 7 0 17 11 4 0 6 25 0 8 0 12 0 25 3 0 10 0
225 0 0 0 25 0 0 33 5 0 13 0 0 48 39 0 2 37 57 11 16 59 0 0 3 0 21 26 31 0 40 76 2
226 0 31 16 0 95 0 14 19 0 12 65 0 42 6 80 0 18 23 0 27 0 0 0 0 14 17 49 72 0 33 56 67
227 0 11 25 0 12 0 0 22 17 13 9 41 6 6 49 0 11 28 30 2 4 3 0 19 28 5 23 36 31 0 4 29
228 62 18 0 8 31 0 0 28 0 0 0 9 11 19 32 0 44 11 0 0 7 56 0 20 28 22 6 35 11 0 32 0
229 0 13 17 0 10 0 6 19 6 21 54 8 17 6 21 0 7 14 0 48 0 2 40 0 44 21 27 10 0 20 0 18
230 0 0 3 78 27 0 24 38 0 0 68 26 9 0 40 27 43 7 0 18 14 20 0 0 39 9 56 9 23 0 65 0
231 0 28 28 25 40 0 0 45 0 10 2 25 20 2 23 0 7 6 14 30 60 16 0 16 26 0 17 8 21 0 69 0
232 0 0 3 0 58 0 28 9 0 0 3 0 20 5 54 37 49 0 23 29 25 39 0 0 16 31 29 64 0 0 65 66
233 0 0 20 0 30 0 5 38 19 63 94 0 40 38 62 0 27 80 0 58 9 0 50 0 44 0 77 75 0 43 38 27
234 0 24 20 0 6 0 8 32 0 41 40 4 9 12 30 21 3 30 0 62 0 6 16 0 35 52 25 24 0 25 14 12
235 0 0 12 0 5 0 48 29 47 63 15 5 0 5 29 6 30 36 24 61 0 0 28 0 15 6 63 27 0 9 9 32
236 0 0 0 50 34 0 36 0 0 48 0 0 64 81 0 2 39 23 7 63 0 0 0 0 50 101 39 28 26 34 60 39
237 0 71 0 0 39 0 11 0 0 0 0 0 47 53 3 4 45 0 50 0 7 58 0 47 0 41 0 17 36 0 12 22
238 0 50 35 0 2 0 34 37 69 84 0 0 0 0 52 5 29 38 55 0 1 0 0 20 0 0 67 60 33 0 0 48
239 0 0 0 8 47 0 0 39 0 0 23 63 39 25 37 10 17 1 0 0 0 26 0 0 72 19 12 20 32 0 24 0
240 0 0 47 18 49 0 25 11 0 11 17 22 16 29 31 56 24 0 0 54 22 0 0 0 10 0 35 11 0 5 51 29
241 0 4 50 12 21 0 52 38 0 27 15 0 10 0 41 26 31 30 38 53 25 1 0 0 11 26 51 58 0 22 34 47
242 2 0 0 0 0 0 0 56 5 0 0 12 0 0 53 0 113 13 64 0 47 21 60 78 0 0 72 111 27 0 15 24
243 0 0 40 0 14 0 0 42 39 58 33 0 0 0 33 7 21 58 13 19 0 64 13 0 33 36 34 35 3 0 0 31
244 6 0 0 10 18 0 0 2 0 0 0 0 45 0 20 0 41 23 3 29 0 22 0 0 40 51 11 42 34 0 30 0
245 0 0 0 35 46 0 0 1 0 0 42 8 0 0 2 2 0 0 0 4 4 0 16 0 35 0 26 6 76 0 0 23
246 0 0 0 49 0 0 116 40 0 17 0 0 0 0 0 0 16 0 32 5 49 0 0 0 0 24 53 25 0 28 29 103
247 0 24 0 13 47 0 0 5 44 0 0 54 52 0 56 20 78 22 49 0 29 107 0 43 46 0 58 0 61 0 35 0
248 0 46 0 0 11 0 88 27 64 81 0 0 0 24 12 0 11 35 49 0 11 0 0 0 0 0 93 68 17 0 0 67
249 0 53 0 53 45 0 16 10 0 0 0 0 42 42 8 0 27 1 23 2 5 33 0 2 0 59 0 21 13 3 38 7
250 0 45 68 0 59 0 9 40 44 79 30 10 0 20 92 1 14 38 24 18 0 0 0 0 54 0 65 76 40 0 27 18
251 0 0 0 5 40 0 0 27 0 0 8 56 42 14 30 10 17 3 0 12 0 23 0 0 45 6 11 10 13 17 21 3
252 0 25 44 0 47 0 0 32 83 34 13 20 0 32 66 0 13 6 13 32 0 0 19 0 59 0 75 67 0 0 0 30
253 0 0 35 5 35 0 25 18 0 0 27 25 0 7 23 31 10 3 15 55 26 0 0 0 0 0 42 14 24 11 63 0
254 0 0 1 0 0 0 41 25 19 40 86 0 24 0 22 0 2 49 0 85 0 0 47 0 37 23 52 9 0 24 17 30
255 0 14 23 0 31 0 15 25 14 60 56 0 19 5 41 7 0 39 0 62 0 4 0 0 54 60 31 38 0 15 17 8
256 22 55 0 21 49 0 22 38 0 0 0 0 27 30 32 5 35 9 21 42 19 62 0 5 0 78 1 26 0 16 68 6
257 0 0 0 15 72 0 0 30 0 0 0 43 30 23 57 0 58 14 24 7 24 80 0 8 71 20 35 46 27 0 65 17
258 0 13 0 25 24 0 92 0 0 27 0 0 60 24 0 1 82 30 68 27 42 76 0 40 0 67 77 10 31 0 67 41
259 0 0 0 43 17 0 69 24 0 16 5 0 0 0 0 0 0 0 29 0 17 0 0 16 0 0 37 47 68 40 0 84
260 0 0 0 0 13 0 0 41 0 0 0 17 30 47 25 0 41 16 42 7 37 3 24 6 0 0 55 47 0 31 31 0
261 0 0 15 21 23 0 0 44 0 0 49 78 59 1 43 0 37 13 0 0 48 13 63 0 0 0 36 31 0 29 68 0
262 0 5 13 0 0 0 19 46 58 37 121 0 48 2 30 0 0 27 0 46 0 0 68 0 29 0 49 8 0 40 2 4
263 0 5 17 0 20 0 0 35 21 35 86 0 24 5 27 0 17 19 0 57 0 0 49 0 65 19 47 32 0 12 2 18
264 0 2 16 0 59 0 0 9 16 12 25 30 0 9 46 0 1 3 0 28 0 0 0 0 69 9 14 59 8 0 33 0
265 0 0 0 1 64 0 0 50 0 0 0 74 53 36 49 15 33 11 0 20 0 45 0 0 93 49 20 20 31 0 45 0
266 0 26 0 40 62 0 45 48 3 0 1 0 0 0 63 2 46 0 59 36 9 31 0 17 0 0 57 25 27 3 53 34
267 0 9 0 1 63 0 0 47 0 0 10 75 40 37 57 13 33 15 0 8 0 40 0 0 95 38 18 25 42 0 37 0
268 0 0 27 0 25 0 35 29 0 37 0 0 16 0 32 0 55 25 9 34 61 30 0 8 0 0 59 41 0 0 39 29
269 0 0 0 67 0 0 83 23 0 55 2 0 0 0 0 0 7 0 31 32 18 0 30 0 0 0 21 0 2 1 0 18
270 0 0 33 17 56 0 0 11 0 0 44 13 2 0 26 37 7 29 0 58 34 10 18 0 84 0 57 28 0 8 65 0
271 0 0 0 49 22 0 132 26 0 56 20 0 0 0 0 0 21 0 38 61 0 0 0 0 0 2 88 0 0 36 19 47
272 0 0 0 4 42 0 0 39 0 0 20 61 35 25 38 19 18 0 0 7 0 27 0 0 67 26 14 17 24 0 23 0
273 0 27 46 0 2 0 23 64 46 51 9 1 5 37 50 17 42 47 17 58 4 0 22 0 27 6 52 68 0 13 7 54
274 0 38 4 0 27 0 23 39 39 32 28 0 9 8 21 14 27 44 0 84 0 1 0 0 42 41 54 71 0 0 9 42
275 0 13 28 0 24 0 43 10 67 67 15 0 0 13 48 0 31 46 37 12 0 0 0 0 0 0 57 55 12 13 1 48
276 5 2 0 12 50 0 0 44 0 0 0 53 37 31 44 1 40 13 0 8 8 58 0 0 76 44 7 32 17 0 41 0
277 0 0 17 0 52 0 20 65 9 67 54 0 13 0 89 0 63 36 0 69 0 29 0 0 54 43 62 88 11 0 54 72
278 0 16 0 13 22 0 64 14 0 0 40 0 59 0 25 15 53 45 56 57 29 12 0 0 0 42 29 68 3 23 61 61
279 0 0 0 4 32 5 0 35 0 0 18 46 26 19 27 15 10 1 0 6 0 23 0 0 57 24 5 13 24 0 16 0
280 0 96 0 20 73 0 24 2 0 0 0 0 49 68 14 0 41 0 39 1 41 78 0 30 0 21 13 3 0 9 53 20
281 0 0 34 0 0 0 4 52 45 40 8 38 0 46 62 0 61 52 1 17 11 0 5 36 40 0 74 57 24 0 13 47
282 18 31 0 0 23 0 14 32 6 16 30 11 23 15 32 7 29 23 0 53 0 27 5 0 35 66 26 29 0 8 16 19
283 0 0 38 0 22 0 0 29 0 0 28 36 15 11 33 39 0 29 3 0 16 2 38 0 0 0 51 36 0 53 0 0
284 0 4 0 0 0 0 51 13 32 35 0 0 0 0 15 28 24 14 9 62 0 0 0 0 16 4 39 41 0 18 0 30
285 0 2 0 41 37 0 49 0 0 15 0 0 80 71 0 12 48 6 45 66 0 26 0 0 30 85 38 4 28 21 76 42
286 0 0 0 2 46 0 27 8 0 0 0 53 34 34 45 35 67 10 30 19 19 47 0 0 0 21 21 18 33 27 45 41
287 12 49 31 11 0 2 0 57 47 75 0 0 0 0 0 0 20 69 43 0 0 0 0 64 0 0 93 26 58 0 14 19
288 35 0 0 12 45 0 0 36 0 0 0 45 26 25 50 1 54 11 0 0 18 64 9 9 62 11 19 43 26 0 56 0
289 0 0 14 22 67 0 23 0 0 24 28 0 0 0 4 25 0 0 0 0 0 0 0 0 24 0 18 37 3 1 29 24
290 0 35 42 0 68 0 0 46 6 27 0 7 0 10 45 16 16 16 0 0 3 12 0 0 59 0 41 90 29 0 32 15
291 0 67 0 36 103 0 61 8 0 0 0 0 47 35 4 12 20 0 57 1 68 89 0 13 0 0 8 0 0 60 78 0
292 0 14 0 0 14 0 44 7 55 44 21 0 0 29 36 0 19 8 3 53 0 0 9 0 45 13 60 70 0 31 0 22
293 0 31 0 0 36 0 19 0 0 0 0 0 40 49 20 0 47 25 47 11 0 82 0 26 61 103 34 56 44 0 30 0
294 0 0 0 0 0 0 74 39 0 0 16 0 4 0 0 0 10 0 34 66 37 0 49 25 0 0 56 1 0 78 25 15
295 0 58 37 0 42 0 19 22 22 69 0 0 0 0 59 0 5 38 0 16 0 0 0 0 29 0 50 58 46 0 26 1
296 0 0 0 75 0 0 127 57 0 46 0 0 0 0 0 0 25 0 58 44 58 0 12 0 0 0 68 0 0 69 31 29
297 0 0 0 61 11 0 77 29 0 24 1 0 0 0 0 0 6 0 19 1 39 0 38 0 0 2 58 17 0 32 0 26
298 0 70 0 18 72 0 55 11 0 0 0 0 0 19 0 0 38 0 40 0 41 91 0 47 0 39 2 0 0 3 76 0
299 0 43 0 0 33 0 3 49 0 0 5 32 29 0 49 4 22 0 17 45 60 75 17 40 3 0 47 35 0 9 87 0
300 11 0 0 0 22 0 0 36 37 0 0 48 0 0 41 3 38 23 12 0 21 57 0 19 48 0 25 52 72 0 6 2
301 0 0 0 0 42 0 0 23 76 17 44 0 51 0 58 4 40 48 10 34 0 70 0 0 74 59 67 39 20 7 0 38
302 0 3 0 0 54 1 0 44 0 0 6 67 50 28 41 15 24 12 0 7 0 34 0 0 70 33 8 19 36 0 27 0
303 6 0 0 0 2 3 30 0 21 0 47 0 22 0 0 3 42 51 23 28 0 22 0 0 11 51 26 45 0 0 37 30
304 0 9 41 14 52 0 0 34 27 94 43 1 0 0 78 8 21 50 0 13 0 10 0 0 63 20 46 78 23 0 16 36
305 0 0 0 0 0 0 60 33 0 0 6 0 0 0 0 0 0 0 46 0 49 0 24 0 0 24 63 34 0 55 39 55
306 0 30 0 23 54 0 20 8 0 0 0 0 31 33 0 2 30 0 26 35 0 80 0 39 16 59 6 18 0 0 59 24
307 0 24 28 0 12 0 0 29 25 21 15 24 24 8 52 17 49 42 0 44 0 59 17 6 51 45 26 41 0 0 3 24
308 0 44 50 0 32 0 8 41 20 85 21 0 10 24 81 0 23 57 34 0 11 0 0 0 0 0 35 102 14 13 6 71
309 0 0 23 28 28 0 0 0 0 0 0 8 46 28 11 11 12 0 0 46 46 0 0 0 50 2 30 0 39 0 76 0
310 0 14 33 17 58 0 3 18 0 14 0 0 0 0 46 8 2 16 8 39 14 48 0 1 32 20 29 10 12 0 47 0
311 0 0 0 68 0 0 186 55 0 62 0 0 0 0 0 0 51 0 75 58 42 0 0 0 0 0 103 31 0 69 12 106
312 0 0 0 46 1 0 132 43 7 43 0 0 0 0 3 0 69 0 59 26 56 0 0 7 0 0 79 7 0 32 28 45
313 0 2 54 35 20 0 4 0 0 25 21 0 19 2 0 26 8 7 34 28 0 0 0 0 40 0 61 35 52 3 23 58
314 0 0 0 0 59 0 0 50 0 0 14 76 55 23 45 22 26 8 0 6 0 39 0 0 82 29 13 15 26 0 37 0
315 0 0 6 0 0 0 58 55 50 49 0 0 7 16 20 0 58 61 42 61 0 30 32 8 13 10 81 66 0 12 0 68
316 0 0 0 24 64 0 0 0 7 0 0 48 0 25 69 33 52 0 40 0 40 50 0 0 0 0 23 57 48 0 24 11
317 36 0 0 57 65 0 0 34 20 0 5 32 0 0 41 0 21 31 20 0 0 0 21 15 0 0 57 112 100 0 22 0
318 0 0 0 47 25 0 46 17 0 60 0 0 36 0 10 0 49 22 47 30 65 56 0 31 0 4 81 0 44 0 47 24
319 0 33 60 50 45 0 28 24 0 24 6 0 0 0 0 72 5 0 44 0 16 0 0 16 12 0 41 54 21 0 42 86
320 0 12 5 0 43 0 0 52 14 1 32 41 27 25 34 4 17 13 0 16 0 1 25 0 64 21 33 27 10 9 20 0
321 27 38 0 0 14 0 0 33 0 0 18 0 29 12 34 11 18 48 0 58 0 17 8 0 3 71 13 52 0 33 17 6
322 0 29 28 0 51 0 0 23 54 5 46 35 0 12 85 0 16 5 0 18 0 0 32 0 59 0 65 49 0 0 25 0
323 13 48 42 26 42 0 5 38 0 20 0 0 26 6 53 0 8 15 12 49 66 7 0 0 19 0 26 22 34 0 100 0
324 0 0 0 14 1 0 38 15 0 0 17 0 0 0 10 0 0 0 17 15 0 0 15 17 13 0 27 21 8 18 0 6
325 0 0 20 0 4 0 0 47 27 37 15 58 13 25 51 0 65 70 25 2 0 3 0 5 30 15 40 62 46 0 19 36
326 0 0 0 5 83 20 25 0 0 0 0 14 59 33 0 24 66 0 55 0 21 98 5 52 37 9 10 0 36 0 63 6
327 0 0 0 72 7 0 131 60 0 51 0 0 0 0 0 0 47 0 59 8 57 0 0 0 0 0 96 0 1 40 9 31
328 0 11 0 0 13 0 0 37 34 6 68 10 44 0 28 0 38 0 0 16 0 4 27 0 43 13 42 46 0 13 0 21
329 0 6 0 8 57 0 0 46 0 0 5 63 40 31 50 14 32 15 0 12 0 49 0 0 86 36 16 29 32 0 42 0
330 0 0 0 7 44 0 0 41 0 0 17 61 31 28 39 19 25 7 0 5 0 31 0 0 76 28 12 21 30 0 33 0
331 0 57 0 12 28 0 0 0 0 0 0 0 63 71 0 0 24 0 28 28 5 14 0 4 0 58 4 15 7 20 53 29
332 0 13 0 4 42 0 0 46 0 0 4 44 27 31 42 11 27 9 0 4 0 43 0 0 75 29 11 27 23 0 31 0
333 0 0 62 0 39 0 30 23 0 16 27 0 32 0 33 21 0 44 6 39 63 0 0 0 0 0 32 67 0 43 68 5
334 8 44 29 13 43 0 25 34 0 4 7 0 11 0 41 0 0 0 3 72 27 28 0 0 0 2 45 0 17 0 74 0
335 0 37 20 20 41 0 18 16 0 7 0 0 27 0 27 16 6 8 0 37 43 23 0 0 2 44 15 22 0 0 51 0
336 0 38 44 0 14 0 36 34 36 53 3 0 0 0 51 0 25 38 23 51 0 2 0 0 54 22 41 82 15 0 13 27
337 0 0 6 0 17 0 37 33 6 38 93 0 29 0 22 0 14 37 0 83 0 0 25 0 52 27 65 11 0 24 21 21
338 0 52 7 8 50 0 24 51 0 47 0 0 0 0 0 14 14 0 40 32 46 7 0 15 0 0 82 17 0 7 72 18
339 0 5 0 0 50 0 53 0 0 0 0 0 33 11 0 44 29 0 50 0 2 47 0 0 0 6 16 17 0 43 8 50
340 0 0 0 69 54 0 12 23 0 0 51 53 31 0 38 22 58 3 0 0 1 40 0 0 36 12 46 2 27 0 49 0
341 20 5 0 13 17 0 7 0 4 34 0 0 0 6 18 10 11 13 0 12 0 0 0 0 0 30 24 23 29 0 7 32
342 0 0 0 0 48 0 0 47 0 0 4 68 41 28 42 14 33 11 0 9 1 41 0 0 84 28 18 24 26 0 41 0
343 0 31 6 52 51 0 33 58 0 0 12 3 4 14 12 34 0 0 19 34 44 0 0 17 25 0 66 0 40 0 74 0
344 0 0 17 5 56 0 25 5 0 0 8 0 3 14 38 22 28 0 21 27 28 29 0 0 26 0 16 66 7 7 43 36
345 0 8 0 1 61 0 0 54 0 0 8 76 41 29 61 9 35 14 0 19 0 48 0 0 104 38 25 33 36 0 44 0
346 0 0 0 37 23 0 64 40 0 0 21 28 0 0 54 0 65 32 49 51 50 50 48 30 0 0 81 4 2 40 60 10
347 0 0 76 0 59 0 0 50 0 0 29 39 0 50 70 71 18 0 43 6 39 0 0 0 0 0 51 95 23 48 43 0
348 16 0 0 13 41 0 0 37 0 0 0 46 34 37 40 7 54 4 0 0 11 58 0 0 53 29 17 31 13 0 41 0
349 0 22 37 0 41 0 12 22 7 25 54 0 37 10 42 0 5 67 0 82 0 22 4 0 43 53 44 43 0 13 35 16
350 0 0 2 0 63 0 0 34 5 0 44 76 54 21 55 4 20 12 0 18 0 12 0 0 83 24 23 35 46 0 41 0
351 0 0 61 34 53 0 43 11 0 26 11 0 0 8 44 74 30 9 9 60 55 3 0 0 0 14 34 55 0 56 53 21
352 0 0 16 42 45 0 54 33 0 20 53 0 0 0 0 0 0 0 12 23 11 0 0 0 0 0 40 27 8 61 0 71
353 0 0 0 37 63 0 61 36 77 46 0 0 0 0 29 0 89 8 74 5 0 27 0 26 0 30 77 72 95 0 7 76
354 66 66 0 0 14 0 0 5 0 0 0 0 18 8 30 0 23 13 30 7 0 16 0 24 0 22 0 31 0 0 18 1
355 9 0 0 19 29 0 0 60 0 0 0 37 22 34 87 8 75 24 25 0 54 59 0 34 0 0 25 50 13 0 61 0
356 0 0 59 29 36 0 27 47 0 13 39 31 0 12 69 89 0 0 14 56 34 0 11 0 0 0 61 31 13 0 80 0
357 0 0 0 7 21 0 0 23 0 0 14 29 13 19 14 13 14 0 0 7 0 17 2 0 46 16 14 6 10 0 14 0
358 0 26 5 0 22 0 0 32 19 30 62 0 0 8 6 0 0 0 0 1 0 0 13 0 38 0 47 56 5 0 12 0
359 0 49 48 0 33 0 19 43 22 71 16 8 0 32 62 1 21 22 11 37 0 0 0 0 20 0 40 70 0 5 8 29
360 0 0 48 0 0 0 0 29 8 82 0 0 11 0 0 0 50 58 38 0 0 0 0 4 20 0 70 50 80 0 0 25
361 0 0 0 23 46 0 32 0 42 33 0 0 0 0 47 22 47 10 50 9 0 45 0 15 16 51 29 57 65 0 20 76
362 0 0 0 16 0 0 41 40 0 77 67 0 25 4 0 6 17 63 0 64 23 0 0 0 14 44 63 34 0 40 61 18
363 0 0 0 55 63 0 0 0 0 0 0 0 42 62 0 9 46 0 1 14 3 50 0 7 31 55 0 6 37 11 77 29
364 0 0 66 0 4 0 35 20 0 6 0 1 2 32 38 88 19 13 40 46 73 23 0 0 0 0 25 47 0 64 30 0
365 0 0 0 17 2 0 69 36 0 0 17 0 0 1 21 0 45 4 36 33 47 7 12 18 0 0 64 0 4 35 37 20
366 50 0 0 28 42 0 18 14 32 30 0 0 8 0 34 0 62 0 25 0 24 41 0 0 0 0 23 59 74 0 22 25
367 0 0 47 14 46 0 10 0 0 30 1 0 0 0 0 34 25 22 12 43 21 0 0 0 15 9 49 65 3 17 69 19
368 0 0 0 0 44 0 24 0 1 0 0 16 12 15 23 18 41 2 32 11 0 49 0 0 5 34 33 12 17 0 21 45
369 22 49 16 31 33 0 39 41 0 3 20 0 0 0 45 0 0 0 1 57 41 0 7 5 0 0 43 3 20 0 76 0
370 0 17 11 0 23 0 9 21 27 68 78 0 6 3 38 7 0 51 0 72 0 0 38 0 41 35 52 27 0 13 14 6
371 11 0 0 27 51 10 0 0 0 0 0 0 27 26 0 0 62 0 21 29 0 110 0 24 51 74 17 33 72 0 91 17
372 0 0 0 21 1 0 59 5 0 21 0 0 19 0 0 0 2 0 13 59 5 0 0 0 0 0 58 25 0 48 12 44
373 0 30 0 0 48 0 22 33 0 0 0 0 14 25 38 10 29 3 36 60 15 28 0 0 14 28 22 71 0 35 58 26
374 0 20 5 0 42 0 24 2 0 2 15 0 27 22 51 0 18 36 38 47 9 15 0 0 24 39 36 76 0 5 51 52
375 0 0 67 0 29 0 12 21 0 0 24 28 0 32 37 98 29 0 62 29 38 0 0 0 0 0 38 67 0 64 44 4
376 0 22 41 0 42 0 0 22 38 52 31 33 0 13 69 0 19 37 12 2 0 0 12 0 44 0 44 51 34 0 6 0
377 14 0 0 7 31 0 0 42 0 0 0 48 26 27 31 7 31 11 0 1 0 30 3 0 58 26 8 22 21 0 36 0
378 0 5 0 0 44 0 0 38 0 0 0 52 28 23 36 12 29 7 0 5 0 40 0 0 69 28 9 15 26 0 35 0
379 0 25 15 0 24 0 35 9 48 70 0 0 0 8 38 0 22 43 23 0 24 0 1 0 0 0 67 20 14 0 6 10
380 0 0 0 9 8 0 61 25 0 0 0 0 0 0 0 0 0 0 68 0 17 0 26 0 0 1 64 52 0 27 12 69
381 0 4 24 0 16 0 12 25 0 22 62 0 33 0 20 0 0 36 0 35 0 0 0 0 26 1 29 0 6 5 0 22
382 0 0 73 22 88 0 0 36 0 9 22 4 0 0 83 11 11 33 0 43 32 47 0 0 79 0 46 53 42 0 54 17
383 0 9 16 0 0 0 8 25 7 35 54 0 12 1 22 22 1 38 0 58 4 0 43 0 35 28 36 23 0 29 8 22
384 0 0 0 34 30 0 75 0 24 47 0 0 36 0 0 68 46 0 54 0 0 32 0 0 0 14 40 20 50 0 0 83
385 8 1 0 0 32 0 0 37 0 0 0 32 28 27 26 3 29 3 0 1 3 42 0 0 57 19 12 10 9 0 32 0
386 0 6 0 42 39 0 29 44 16 0 16 7 0 0 50 27 42 0 28 0 5 18 0 0 0 0 45 0 38 0 26 26
387 0 2 0 0 23 0 24 0 0 0 26 0 35 26 0 0 11 33 11 35 0 0 0 0 33 66 13 36 11 0 34 21
388 78 53 0 0 22 0 0 24 0 0 0 0 1 5 23 0 32 5 17 4 14 53 6 36 0 14 9 30 0 0 24 0
389 0 20 32 0 67 0 0 30 52 46 66 23 3 0 87 0 5 29 0 20 0 0 8 0 70 0 29 59 7 0 7 24
390 0 0 0 4 23 0 91 22 39 57 2 0 20 0 0 0 96 52 67 44 7 123 15 30 0 41 96 0 11 0 26 47
391 0 0 0 14 26 0 65 9 0 19 19 0 29 7 20 9 65 42 57 57 32 0 0 0 0 0 55 36 0 43 42 50
392 0 4 0 16 31 0 34 3 37 12 0 18 7 2 22 23 51 21 47 0 0 56 0 0 12 41 35 27 49 0 10 59
393 4 0 0 5 32 0 0 44 0 0 10 53 32 26 35 0 33 13 0 3 0 30 4 0 66 34 10 25 25 0 33 0
394 0 3 1 0 0 0 27 25 34 46 6 20 0 33 9 15 22 15 4 8 12 0 18 16 0 0 50 34 0 20 0 28
395 0 2 0 27 43 0 30 24 0 0 23 3 0 15 45 87 14 0 4 59 17 0 0 0 0 0 48 40 0 0 43 20
396 0 70 0 25 33 0 0 1 0 0 0 0 62 0 0 0 75 29 76 0 22 98 0 57 1 52 44 14 46 0 35 17
397 0 0 37 2 39 0 31 0 0 11 20 1 19 1 12 50 14 0 5 47 21 0 0 0 2 0 18 3 0 12 38 24
398 0 16 26 0 20 0 24 0 43 75 0 0 0 0 37 0 32 36 16 0 25 0 0 0 0 0 50 40 8 0 1 12
399 16 74 0 0 5 0 73 7 58 52 0 0 0 28 0 0 23 39 53 0 20 0 0 24 0 0 83 25 41 0 8 17
400 0 0 0 19 27 0 115 32 0 28 0 0 56 0 0 0 90 34 69 7 64 13 0 12 0 0 85 0 0 21 83 0
401 0 35 0 0 49 0 0 19 0 0 14 0 22 0 34 15 26 1 7 46 35 52 0 31 22 18 28 36 0 0 45 6
402 0 42 0 68 62 0 11 0 0 23 8 0 33 0 0 0 15 2 2 0 0 0 0 1 13 0 81 13 44 0 36 4
403 0 0 30 0 8 0 32 28 16 50 19 11 15 38 40 12 27 13 36 20 1 0 10 0 0 4 28 70 0 46 3 47
404 13 36 0 16 16 0 45 25 0 0 34 0 21 0 39 10 42 27 0 43 14 8 0 0 0 56 0 24 0 32 37 6
405 0 50 36 0 16 0 22 35 57 82 0 0 0 0 0 0 25 69 30 16 0 0 0 25 33 2 95 65 35 0 4 14
406 0 0 19 76 55 0 71 69 0 62 10 0 0 0 39 23 35 0 24 60 0 0 0 0 0 0 61 66 49 0 34 66
407 0 2 0 27 0 0 111 41 0 37 0 0 0 10 0 0 3 0 43 87 8 0 52 12 0 0 94 0 0 80 23 20
408 0 0 0 66 68 0 39 17 0 0 20 0 22 0 25 35 10 0 5 41 36 44 0 1 40 1 51 1 6 0 71 5
409 0 0 0 1 55 0 0 42 0 0 12 69 49 34 48 30 36 11 0 14 2 39 0 0 67 25 23 19 28 0 43 0
410 0 0 9 0 0 0 25 31 47 23 129 0 34 0 9 0 0 0 0 59 0 0 40 0 36 0 68 17 0 32 2 0
411 9 26 1 0 18 0 0 39 9 21 29 8 25 22 27 8 23 19 0 45 0 17 32 0 39 42 23 27 0 15 12 0
412 0 0 50 15 71 0 13 38 0 0 109 0 0 0 90 42 0 34 0 33 29 0 58 0 13 0 98 59 0 57 47 0
413 0 0 6 0 24 0 77 67 41 79 165 0 25 0 18 0 24 23 0 73 0 0 73 0 23 0 117 29 0 52 18 37
414 0 15 29 0 33 0 0 16 44 25 0 17 0 32 35 0 18 0 0 18 0 26 11 0 59 7 35 48 1 0 17 0
415 0 0 5 0 20 0 31 35 59 62 101 0 0 3 16 0 14 9 0 37 0 0 30 0 27 0 65 25 0 34 0 35
416 0 1 0 4 48 0 0 47 0 0 0 54 43 41 46 16 41 6 0 3 0 52 0 0 68 40 13 30 20 0 31 0
417 0 23 40 0 32 0 0 37 39 30 63 24 17 16 59 0 19 20 2 16 0 0 31 0 62 6 32 61 0 0 0 20
418 0 26 0 16 5 0 34 15 0 20 21 0 49 0 3 5 55 39 69 32 37 47 0 31 0 21 49 10 31 0 60 22
419 0 0 0 6 34 1 0 37 0 0 16 48 28 19 25 20 11 2 0 11 0 26 0 0 58 24 6 8 17 0 20 0
420 0 0 14 0 0 0 0 23 35 24 6 19 0 20 2 0 25 32 12 0 0 0 0 17 0 0 38 67 29 0 0 26
421 0 0 0 62 23 0 86 36 0 31 27 0 67 0 15 0 46 20 38 1 68 6 0 0 0 0 39 0 0 62 70 0
422 0 24 43 0 49 0 13 21 41 62 43 0 0 0 71 0 7 42 3 59 0 0 10 0 35 19 36 71 0 0 22 33
423 4 0 0 62 24 0 53 0 0 19 0 0 65 58 0 0 40 18 30 59 0 6 0 0 35 101 36 29 35 13 67 32
424 0 0 4 32 3 0 92 34 0 54 0 0 0 0 0 7 4 0 34 34 34 0 0 1 0 0 42 11 0 31 12 68
425 0 66 0 0 0 0 30 6 26 64 11 0 0 0 7 0 38 40 77 0 9 57 0 50 2 32 38 61 10 0 0 58
426 23 33 39 0 35 0 0 34 35 40 11 18 0 2 63 0 9 29 0 29 0 0 24 0 45 22 30 44 14 0 25 2
427 0 0 0 0 42 3 0 44 0 0 16 62 41 22 35 16 20 3 0 10 0 28 0 0 65 26 11 16 26 0 22 0
428 0 66 22 0 8 0 22 38 42 46 0 15 0 43 59 4 16 29 39 8 0 0 0 0 0 0 20 49 23 22 1 29
429 0 25 16 3 52 0 13 22 0 51 15 0 28 10 57 0 16 26 0 32 6 0 0 0 2 52 29 76 15 9 49 45
430 19 0 0 4 38 0 0 36 0 0 0 39 31 39 37 4 43 5 0 0 14 54 0 0 54 27 14 27 10 0 38 3
431 0 22 0 0 32 0 13 4 5 0 4 0 19 0 23 17 33 21 24 56 26 17 0 0 11 28 37 74 0 9 55 11
432 0 1 44 0 46 0 0 0 34 39 26 5 0 0 36 17 37 27 7 0 0 14 0 0 23 0 21 54 66 0 15 16
433 0 0 51 0 44 0 1 49 3 25 29 28 6 7 43 0 7 0 32 0 8 0 40 0 0 0 52 75 60 37 24 9
434 0 39 20 0 16 0 3 27 33 12 6 1 2 24 51 0 19 29 16 46 0 21 20 0 38 27 40 43 0 0 0 11
435 0 19 0 0 36 0 0 54 25 26 71 32 35 8 60 0 41 30 0 34 0 0 0 0 23 24 34 52 6 7 39 36
436 0 0 2 6 16 0 0 28 0 9 38 18 20 28 46 2 47 35 28 28 0 0 0 0 0 5 22 53 0 51 12 46
437 0 31 75 9 85 0 13 29 0 14 68 0 43 3 37 0 7 35 0 60 53 0 18 0 54 0 82 56 13 50 97 0
438 0 0 15 0 3 0 46 21 20 41 86 0 20 0 12 0 16 4 0 69 0 0 56 0 43 0 60 25 0 37 0 35
439 0 0 0 29 48 0 13 7 6 0 8 35 0 6 54 26 42 0 15 0 15 28 0 0 0 0 44 19 41 0 28 35
440 0 0 0 89 5 0 177 69 0 58 43 0 0 0 0 0 18 0 45 71 51 0 51 0 0 0 112 15 0 88 14 66
441 0 0 0 31 13 0 91 34 0 15 1 0 0 0 6 0 49 0 54 10 33 3 6 10 0 0 57 3 0 50 9 48
442 0 0 51 25 75 0 0 35 0 11 37 0 5 0 81 45 16 33 0 77 11 32 0 0 77 19 70 24 60 0 78 5
443 0 0 0 12 14 0 44 26 0 0 11 11 0 0 24 4 16 19 44 39 12 14 3 0 0 9 42 7 0 28 27 26
444 9 0 0 0 0 0 31 38 0 0 6 0 47 31 23 0 54 49 31 62 53 30 0 18 0 13 29 27 0 44 42 7
445 34 0 0 99 20 0 58 30 25 57 0 0 0 0 0 0 30 0 27 0 22 0 38 0 0 0 73 42 52 0 0 20
446 0 11 0 21 44 0 56 6 0 0 0 0 0 34 20 71 53 0 37 26 0 44 0 14 2 2 53 14 7 0 26 71
447 58 66 0 0 52 0 0 66 76 22 0 48 0 17 93 0 41 90 27 0 43 52 41 69 2 0 101 76 75 0 24 0
448 0 35 16 41 33 0 18 32 0 21 50 47 14 11 70 3 55 40 22 40 39 0 13 2 0 0 54 44 8 3 55 11
449 0 0 57 44 46 0 22 0 0 9 128 0 27 0 0 44 26 0 21 50 10 0 28 0 41 0 59 21 7 30 16 52
450 0 0 64 44 84 0 17 34 0 2 97 31 19 0 72 18 22 1 0 63 28 12 0 0 71 0 62 49 28 0 82 0
451 9 46 79 21 67 0 27 52 0 16 7 0 0 0 98 0 48 65 35 103 71 86 0 13 25 61 73 51 12 3 89 7
452 0 35 0 36 67 0 1 0 0 0 0 0 51 41 0 6 25 9 0 6 0 54 0 0 14 78 4 36 1 7 36 0
453 0 66 0 38 33 0 14 8 0 1 0 0 46 0 0 6 0 11 14 32 9 19 0 22 7 22 61 0 0 0 39 0
454 0 0 18 0 0 0 39 34 52 49 15 0 0 1 22 0 39 27 12 41 0 0 34 0 14 0 69 52 0 17 0 39
455 50 45 0 11 37 0 0 43 4 0 0 25 30 38 50 0 43 19 0 0 0 53 0 4 47 41 14 43 14 0 31 0
456 0 22 11 10 23 0 6 20 0 16 17 0 37 20 10 8 2 11 6 22 0 5 0 0 7 44 3 26 0 32 23 14
457 0 0 0 26 36 0 10 1 0 0 2 29 0 22 53 34 45 0 27 3 34 39 0 18 4 0 45 19 27 0 24 8
458 0 0 4 0 41 0 0 13 3 14 8 0 16 53 51 0 42 42 1 51 0 0 0 0 0 23 40 53 0 14 33 27
459 0 0 0 12 0 0 102 27 0 20 0 0 0 0 0 5 15 0 39 13 41 0 0 15 0 0 60 15 0 42 11 56
460 0 2 30 0 32 0 0 30 19 13 65 36 2 13 35 0 6 6 0 0 12 0 86 0 27 0 65 36 0 34 9 0
461 0 0 28 0 17 0 0 0 20 79 0 0 0 0 4 0 65 6 45 30 0 0 0 17 26 56 0 92 106 0 0 147
462 0 12 0 5 50 0 48 5 0 56 0 0 0 0 0 83 60 6 65 45 0 64 0 12 29 61 57 72 69 0 19 130
463 0 0 0 12 15 0 85 12 33 71 0 0 16 0 0 51 42 0 77 4 0 0 0 7 0 33 51 65 78 0 0 106
464 0 0 46 33 46 0 0 69 18 0 58 0 26 0 93 0 42 109 0 67 51 26 28 0 19 52 35 65 0 39 41 8
465 0 12 0 0 57 0 0 50 35 0 78 0 4 4 69 8 47 32 0 53 4 0 9 0 0 0 86 75 0 12 48 10
466 0 11 0 0 35 0 0 68 0 0 0 53 30 10 72 0 60 46 21 0 58 54 4 61 0 0 39 18 16 0 58 0
467 0 16 0 0 43 0 19 22 0 5 80 0 30 28 0 8 27 25 0 57 0 28 0 0 31 90 0 51 0 25 34 56
468 43 8 0 0 0 0 0 65 30 0 0 0 8 0 86 0 81 107 19 21 42 77 36 52 0 32 49 53 0 25 12 0
469 0 0 54 0 43 0 26 12 0 24 43 0 19 0 38 54 21 20 8 83 44 8 0 0 22 0 26 64 0 40 63 40
470 0 52 7 0 42 0 30 4 0 0 0 2 22 20 51 2 21 7 47 57 59 42 0 0 0 2 30 41 0 14 66 18
471 0 7 24 0 9 0 11 24 27 38 30 18 0 9 39 21 18 24 0 40 0 0 20 0 41 2 47 26 0 2 1 22
472 7 0 0 54 12 0 51 0 28 90 0 0 2 0 13 0 45 0 31 0 0 4 0 6 0 18 25 56 66 0 3 74
473 0 0 0 0 34 2 0 35 0 0 11 50 42 12 24 13 18 0 0 6 0 20 1 0 56 19 12 12 18 0 21 2
474 0 16 0 0 32 0 20 9 0 0 9 0 20 44 63 0 51 25 30 17 37 0 17 35 0 0 75 64 0 22 39 16
475 0 42 27 0 7 0 34 39 53 77 0 0 0 0 0 0 40 53 65 0 0 0 0 31 0 0 90 72 57 0 0 68
476 0 0 0 13 51 0 0 46 0 0 0 71 46 30 46 5 37 13 0 2 0 42 0 0 79 43 16 34 33 0 39 0
477 0 89 0 26 74 0 75 0 0 0 0 0 106 53 0 1 17 0 56 0 13 9 0 1 0 0 17 0 0 20 58 0
478 0 0 22 0 17 0 4 14 0 0 0 31 20 9 33 48 36 12 39 34 9 25 0 16 33 0 29 17 24 3 29 17
479 0 8 40 29 35 0 44 14 0 36 20 0 0 0 37 0 0 20 3 50 4 0 0 0 23 24 40 49 0 10 35 24
480 63 32 0 11 31 0 0 28 0 0 0 1 17 33 23 0 24 7 7 0 17 40 0 3 12 9 3 28 2 0 25 0
481 0 11 29 0 40 0 24 12 43 48 29 0 0 0 59 0 13 32 0 59 0 0 1 0 37 21 46 47 0 0 19 14
482 0 0 3 0 0 0 39 39 29 54 86 0 44 0 2 0 0 55 0 66 0 17 42 0 0 0 76 0 0 46 0 0
483 29 0 0 10 12 0 0 34 29 0 1 23 0 2 6 0 0 0 15 0 9 0 38 6 0 0 32 49 19 59 6 0
484 0 3 64 0 22 0 3 28 32 79 12 0 0 0 62 0 20 43 31 9 0 6 0 3 33 18 36 73 28 0 4 47
485 0 2 0 32 21 0 99 35 0 57 0 0 0 0 0 2 28 0 32 38 31 0 0 0 0 0 64 0 0 44 33 33
486 0 0 0 0 30 0 0 16 0 34 26 0 33 23 30 0 42 88 1 10 0 0 0 0 0 0 40 104 15 5 42 31
487 0 16 37 0 28 0 0 54 58 32 10 10 0 16 64 0 21 17 8 0 0 0 40 23 33 0 82 30 31 0 3 2
488 23 18 17 0 16 0 0 28 41 43 33 0 0 1 50 0 37 49 1 47 0 0 31 0 54 23 45 46 0 0 0 23
489 35 16 0 8 30 0 0 36 0 0 0 23 18 30 28 1 28 13 0 0 12 39 0 0 38 24 9 22 10 0 34 0
490 0 0 0 38 0 1 51 6 20 25 0 0 0 0 0 0 16 0 32 0 7 0 47 2 0 0 71 19 57 0 0 44
491 0 0 57 30 34 0 41 29 3 40 8 28 0 0 42 43 37 13 7 56 38 0 0 0 0 0 34 24 14 0 55 0
492 0 0 0 15 40 0 58 30 0 0 0 0 75 44 10 0 62 14 50 4 41 41 0 11 0 0 23 0 0 33 78 0
493 0 85 49 35 81 0 20 24 0 10 0 0 49 0 10 3 6 35 28 48 51 26 0 0 0 8 55 0 1 0 71 11
494 0 0 28 0 22 0 45 48 17 64 117 0 34 0 36 0 30 88 0 63 12 0 69 0 32 7 91 26 0 42 13 38
495 0 10 0 65 61 0 74 37 3 14 0 20 2 0 65 0 84 41 44 0 70 43 3 35 0 0 102 0 34 0 71 14
496 0 24 47 0 19 0 9 18 45 36 4 0 0 21 46 4 11 18 12 42 0 7 0 0 52 22 38 65 0 0 13 19
497 0 31 32 0 51 0 0 22 14 39 34 27 25 17 61 0 6 28 7 13 0 0 0 0 38 27 19 55 30 0 20 23
498 0 0 0 17 0 0 71 33 1 24 20 8 0 3 21 0 57 19 52 22 52 0 0 5 0 0 55 38 0 39 24 49
499 0 0 2 0 23 0 13 0 0 0 0 23 17 11 32 16 56 15 28 0 25 34 0 8 0 9 22 33 16 2 18 37
