0 864 7 -81 -1039 228 595 -850 -31 -1858 711 4 -117
1 864 2 -629 718 1222 394 -2024 238 349 -1516 96 -1865
2 864 1 -550 510 -89 -36 -499 -197 -154 -12 -125 -381
3 864 0 672 -574 -108 -373 -764 -4 -408 -336 -1021 -339
4 864 4 -110 -1008 -93 -808 619 -423 -141 -31 -305 244
5 864 1 -584 730 -240 -103 -512 -491 -425 212 -199 -425
6 864 4 -769 -850 -588 -342 549 -101 -729 -159 133 83
7 864 9 -606 -249 -713 34 566 -146 -765 -266 -406 962
8 864 6 -514 -516 -394 -1196 -669 67 577 -689 -15 -821
9 864 9 -559 -1804 -1132 -374 335 -486 -1271 432 -159 734
10 864 0 872 -796 29 -336 -832 -200 -279 -434 -519 -193
11 864 6 -48 -444 -111 -723 -94 44 623 -816 -62 -780
12 864 9 -470 -912 -585 -171 41 -143 -1335 -63 -224 694
13 864 0 869 -1019 -91 -643 -817 -205 -503 -242 -216 -27
14 864 1 -140 948 -22 213 -283 -242 -122 79 135 -138
15 864 5 -596 193 -456 327 -672 777 -517 -777 -171 -310
16 864 9 -167 -1760 -257 -546 233 -452 -791 -24 -38 650
17 864 7 -111 -1131 323 334 -769 77 -2029 845 -138 -15
18 864 3 -279 -383 22 534 -618 86 -294 -776 302 -543
19 864 4 -407 -785 -368 -393 836 -353 -244 -30 -86 250
20 864 9 -309 -656 -1004 -55 224 -259 -1492 358 -349 685
21 864 6 -134 -591 -196 -327 -295 269 696 -800 -83 -637
22 864 6 -477 -490 -380 -844 -138 -160 485 110 -290 -586
23 864 5 -871 -415 -488 -37 -751 880 -317 -1060 -429 -460
24 864 4 -514 -490 -246 -310 697 -147 -576 68 -172 283
25 864 0 1243 -1592 -326 -1267 -235 -951 334 -933 -829 -249
26 864 7 -106 -495 264 268 -760 145 -1512 742 -292 346
27 864 4 -573 -1148 -337 -615 1005 -421 -415 -206 -239 228
28 864 0 1047 -1081 -150 -43 -1418 -60 -946 -658 -629 -36
29 864 1 -310 736 -226 66 -108 24 -305 -60 126 -155
30 864 3 -243 -244 -368 1310 -733 259 -1862 69 -272 277
31 864 1 -183 639 -105 97 -109 -22 -269 177 52 -13
32 864 3 -397 -526 -603 942 -205 328 -829 -649 175 59
33 864 4 168 -1222 -15 -837 521 -157 144 -530 -700 -359
34 864 7 -449 -1277 -36 257 -1025 -531 -1375 701 -234 -246
35 864 2 -380 241 659 49 -815 -32 -805 -554 -306 -720
36 864 7 -196 -605 783 131 -1011 -342 -2084 1037 -136 1
37 864 1 -330 838 -192 -23 -113 -41 -211 205 73 -120
38 864 2 49 -36 542 270 -1299 144 -99 -351 -31 -746
39 864 1 -103 812 -213 95 -208 -301 14 9 123 -148
40 864 1 -134 583 84 8 -317 -173 -19 250 -39 -115
41 864 7 -140 -261 289 240 -601 -292 -1554 882 -197 193
42 864 4 -1314 -957 -726 -155 1059 -714 -1215 160 -106 768
43 864 2 -405 240 665 216 7 -274 -74 -165 -44 -1109
44 864 3 -484 28 55 903 -734 104 -668 -335 -250 -330
45 864 5 -116 -341 -743 70 -649 609 -316 -696 -12 -84
46 864 1 -518 683 6 304 -94 -26 -651 -196 178 -177
47 864 2 -759 347 1259 130 -1071 -611 352 -724 126 -1258
48 864 4 -1475 -1083 -824 -253 1318 -367 -1048 -273 179 649
49 864 4 -390 -1600 -214 -907 743 -645 -273 -23 -115 166
50 864 6 51 -418 -314 -44 -653 188 774 -702 -401 -828
51 864 3 -516 -153 -147 1142 -429 -186 -1090 -149 -208 -337
52 864 5 -317 -369 -739 -41 -358 722 -271 -465 -401 -310
53 864 5 -519 -133 -562 198 -382 376 -393 -547 -124 -199
54 864 6 36 -657 276 -790 -683 -340 1143 -667 41 -894
55 864 0 751 -1275 -196 -319 -935 -126 -426 -814 113 -310
56 864 4 -414 -1607 -361 -772 983 -363 -339 55 -204 333
57 864 1 -343 658 -129 -34 -590 -253 -363 233 -80 -311
58 864 9 -558 -1483 -570 -338 298 -262 -1327 77 -97 948
59 864 5 68 -513 -477 -511 -400 450 -275 -26 -131 -342
60 864 7 -319 -381 618 657 -610 -25 -1818 1223 -261 71
61 864 8 -636 -918 249 -121 -353 -343 -469 -682 500 -400
62 864 9 -434 -802 -362 -313 -211 -10 -318 -41 20 319
63 864 3 -431 -669 505 539 -892 -464 -391 -654 314 -450
64 864 7 -776 -1697 421 749 -386 -1089 -1847 1362 -228 -9
65 864 4 -384 -186 -398 32 646 -136 -379 -360 -174 199
66 864 6 -352 -13 -42 -419 -99 -15 184 7 -429 -580
67 864 4 -320 -992 36 -531 687 -822 -567 -253 -113 176
68 864 3 -781 -873 -537 1078 -589 -10 -1305 -513 272 141
69 864 0 887 -619 -527 -251 -1095 93 -372 -287 -575 -5
70 864 7 -289 -738 285 341 -663 -41 -2040 1117 -166 -106
71 864 0 1137 -1061 -275 -703 -849 -459 -72 -649 -618 -194
72 864 2 5 -773 833 432 -1760 110 -293 -676 -48 -776
73 864 9 -539 -800 -488 -89 -470 -838 -1929 92 5 817
74 864 1 -250 833 -185 -53 -9 -131 -212 102 152 -107
75 864 7 -828 -397 -39 611 -251 -442 -1832 803 -104 409
76 864 3 -62 81 -331 777 -576 478 -371 -590 42 -259
77 864 2 -634 508 844 -144 -909 -324 -609 73 -367 -572
78 864 9 -284 -463 -821 -47 148 -360 -884 -188 -48 470
79 864 7 -809 -1725 -287 7 -946 -509 -2435 979 65 242
80 864 7 -196 -405 -81 -119 -111 -123 -1201 622 -258 363
81 864 6 -124 -499 -312 -941 -414 18 528 -568 -163 -324
82 864 2 -797 -323 1174 27 -434 -943 -701 -1132 116 -697
83 864 7 -182 -605 127 -75 -325 -81 -1318 764 -358 217
84 864 8 -304 -981 -442 -644 -93 -165 -117 -1026 578 -169
85 864 4 -1042 -1742 -718 -339 1236 -612 -582 -204 -109 451
86 864 7 -448 -811 138 391 -927 -556 -1811 745 41 -83
87 864 3 -348 -162 -540 700 -119 399 -898 -189 -414 5
88 864 6 -20 -858 369 -1558 184 -623 1110 -642 -211 -892
89 864 1 -741 578 -268 32 -441 -447 -265 -58 -241 -632
90 864 3 -204 -415 -403 811 -981 18 -1401 -253 379 284
91 864 6 -447 -154 183 -280 -635 -35 1106 -662 -149 -1091
92 864 9 -412 -615 -317 -449 187 -413 -430 -234 -136 267
93 864 3 -186 -279 -581 1193 -989 309 -2191 -267 -163 410
94 864 1 -441 818 -87 -93 -90 -256 -26 -249 253 -186
95 864 4 -551 -1887 -475 -982 832 -843 -163 -268 208 266
96 864 1 -334 462 -267 143 131 130 -657 90 -75 176
97 864 7 -346 -488 369 296 -446 -812 -815 1090 -200 -423
98 864 6 29 -75 -177 -713 -618 223 452 -1119 -353 -657
99 864 9 -241 -1996 -445 -117 56 -683 -1049 345 -106 947
100 864 6 22 -279 131 -723 -195 -189 708 -392 -133 -545
101 864 0 743 -800 -150 -498 -953 -57 -186 -322 -283 -303
102 864 5 -1296 -368 -929 296 -1169 1209 -1352 -104 -138 -311
103 864 4 -796 -1022 462 -287 1185 -877 -747 -68 -448 108
104 864 9 -503 -716 -734 -45 -98 144 -877 -139 -236 583
105 864 9 -428 -1250 -358 -126 179 -182 -1109 -42 -125 662
106 864 2 -9 -551 674 -141 -507 -447 -289 -81 253 -879
107 864 1 -177 485 -260 -412 -716 -129 -180 -306 -262 -841
108 864 9 -573 -788 -673 23 297 -3 -1010 -41 19 737
109 864 4 -184 -867 -243 -720 836 -506 -118 139 -261 153
110 864 8 -531 -556 132 295 -422 -452 -491 -1081 942 -298
111 864 7 -467 368 29 71 -891 -511 -670 584 -115 -145
112 864 3 -69 -108 -338 816 -444 175 -878 -517 2 -14
113 864 9 -669 -824 -420 258 3 -636 -1188 -58 113 866
114 864 7 -155 -436 220 366 -481 -564 -498 855 -331 44
115 864 9 -309 -191 -601 -449 208 -320 -40 -402 -315 268
116 864 4 -746 -633 -170 -40 336 -329 -475 -139 -40 122
117 864 4 -597 -1552 -231 -495 614 -489 -538 -403 -201 16
118 864 9 -549 -324 -375 -236 18 -429 -698 -236 -12 284
119 864 2 -611 -885 268 -812 -928 -486 -632 -151 -97 -274
120 864 5 -1100 -1052 -1167 260 -1253 978 -1431 -912 71 276
121 864 4 -355 -1438 -235 -803 424 -460 -47 -138 6 13
122 864 7 -239 -362 285 147 -231 -249 -720 628 -95 109
123 864 6 -444 -260 19 -340 -493 72 907 -613 -269 -595
124 864 4 -771 -720 -120 -313 595 -480 -698 508 -151 -277
125 864 9 -623 -298 -108 130 168 -741 -657 -155 92 414
126 864 0 536 -781 -194 -110 -729 37 -642 -423 -353 120
127 864 5 -866 -60 -666 -332 -951 968 -950 -726 -359 -441
128 864 8 -826 -1610 -388 255 -899 -38 -1389 -795 963 -10
129 864 5 -583 -458 -771 -86 -1175 894 -597 -754 -161 -147
130 864 6 -276 -1314 -840 -919 -212 30 939 -686 -379 -503
131 864 6 -324 -947 -790 -949 -573 146 1223 -1263 -244 -1084
132 864 5 -914 -350 -578 134 -1967 1157 -428 -1135 -250 -475
133 864 7 -242 -1215 510 536 -634 -714 -1153 1078 -319 -227
134 864 8 -684 -793 -24 192 -880 21 -798 -1020 1016 -371
135 864 1 -210 847 -88 118 -372 -245 45 72 163 -222
136 864 0 666 -904 -108 -414 -726 -108 -226 -787 -290 -249
137 864 1 -499 567 -309 -421 -565 -355 -40 -188 -270 -759
138 864 6 -8 -793 130 -996 -47 -274 1069 -790 -449 -918
139 864 4 -492 -1574 -364 -649 271 -557 -350 -409 144 -97
140 864 6 -71 -209 -200 -275 -316 165 646 -429 -57 -602
141 864 7 -167 -550 409 404 -887 -61 -2167 1362 -351 27
142 864 3 -693 -478 408 1121 -386 -71 -1713 392 55 153
143 864 1 -314 781 53 -145 -525 -302 -13 246 -66 -306
144 864 7 -253 -1132 -2 331 -238 -566 -1267 917 -302 32
145 864 1 -273 847 -141 121 -25 50 -300 276 16 -192
146 864 8 -447 -1247 -393 -369 -718 -329 -269 -952 681 -230
147 864 2 -664 -679 1278 159 265 -955 -545 -1083 -72 -707
148 864 0 601 -844 -97 -270 -758 -205 -201 -652 -351 -170
149 864 9 -665 -492 25 -96 42 -149 -643 -940 -48 110
150 864 9 -570 -1011 -609 -160 -207 -209 -788 -307 -4 550
151 864 9 -277 -1079 -219 88 -447 -555 -1239 -685 99 421
152 864 5 52 -878 -789 -463 -503 1159 -752 -606 -47 -247
153 864 5 -289 -215 -471 66 -912 610 -204 -425 41 -16
154 864 1 -201 672 -155 -95 -199 -83 -52 248 -166 -34
155 864 5 -1120 -195 -909 -488 -462 887 -509 -1195 -563 -302
156 864 6 -19 -1019 218 -1147 -212 -271 1225 -264 -590 -881
157 864 0 443 -680 -134 -320 -451 -111 -265 -287 -391 -80
158 864 3 4 376 565 940 -1640 117 -585 178 -605 -541
159 864 4 -201 164 -461 -121 561 -62 -192 126 -623 210
160 864 4 -1209 -514 -238 -306 909 -633 -556 -371 422 43
161 864 6 129 -321 -178 -294 -523 114 897 -903 -857 -948
162 864 5 -929 -380 -704 232 -1858 1321 -937 -1084 -368 -599
163 864 4 -784 -1680 -191 -522 1184 -649 -902 163 -228 476
164 864 6 -68 -1157 -201 -1011 -388 -227 947 -297 -313 -578
165 864 5 -514 -548 -1135 110 -1242 919 -433 -1073 83 21
166 864 4 -117 -941 -372 -616 767 -514 -622 170 -214 332
167 864 5 -38 -735 -625 -287 -610 824 47 -558 -469 -555
168 864 1 -245 977 -66 130 -281 -27 -64 121 76 -184
169 864 4 -553 -757 -597 -193 974 -291 -613 -37 16 415
170 864 4 -903 -467 -115 -160 671 -329 -830 -96 -54 282
171 864 7 -587 -764 31 -12 -1181 -451 -1864 825 -245 -275
172 864 2 -652 103 1404 478 -987 -460 -625 -1348 422 -1374
173 864 3 -171 -477 -42 585 -358 -38 -722 -530 110 -149
174 864 2 -624 -86 736 -77 -597 -613 -201 -331 177 -540
175 864 7 -323 141 -111 94 -371 -66 -593 212 -42 135
176 864 1 -190 636 76 62 -163 -185 -98 116 81 -128
177 864 8 -371 -1027 -433 -57 -507 -116 -270 -702 403 -53
178 864 1 -293 796 -49 105 -313 -296 -113 85 129 -148
179 864 8 -782 -683 187 120 -1149 -95 -413 -595 819 -759
180 864 1 -135 678 -32 88 -337 -236 -118 211 -6 -52
181 864 8 -564 -566 -166 83 -840 -112 -66 -869 933 -250
182 864 5 -547 85 -333 94 -964 670 -563 -522 -5 -239
183 864 0 981 -691 -93 -488 -633 -310 -99 -718 -761 -66
184 864 8 -383 -673 -269 155 -186 -426 -223 -990 608 -302
185 864 9 -173 -1415 -352 -496 13 -563 -274 -276 -256 499
186 864 2 -480 -228 1249 545 -2183 -193 -24 -516 239 -1250
187 864 5 -635 -710 -739 443 -1282 865 -707 -840 -177 -43
188 864 0 1541 -1443 -252 -459 -1591 165 -871 -150 -244 -297
189 864 1 -311 547 -16 243 -53 129 -387 48 103 -141
190 864 1 -787 750 -538 -278 -548 -746 -620 -9 -298 -355
191 864 1 -510 588 -204 161 77 278 -535 -199 93 -149
192 864 0 820 -882 -49 -169 -805 -248 -77 -487 -405 -336
193 864 9 -337 -792 -184 55 82 -89 -1042 47 249 455
194 864 0 654 -1020 -82 -323 -1025 126 -1032 -204 -279 -18
195 864 3 -691 84 -187 407 -244 311 -662 -31 18 -237
196 864 1 -128 727 -209 -142 -54 -277 271 -68 97 -241
197 864 6 -377 -938 -394 -569 -621 137 1253 -1448 -85 -1265
198 864 4 -852 -962 -324 -156 643 -174 -899 -95 -69 259
199 864 2 -785 -597 882 566 -1414 -887 -1123 -283 146 -355
200 864 3 -55 -1357 145 1300 -1196 155 -529 -1502 357 -638
201 864 6 278 -665 314 -1329 -342 -622 1318 -622 -721 -965
202 864 1 -777 610 -279 -265 -402 -199 -342 44 -281 -615
203 864 1 -183 764 -143 61 -274 43 -72 227 -73 -146
204 864 1 -562 611 -97 -9 -467 -305 -210 103 -114 -368
205 864 3 -108 -192 -257 788 -270 184 -462 -189 109 -157
206 864 9 -866 -878 -921 -476 287 198 -1368 173 108 1083
207 864 5 -407 -309 -666 -2 -628 553 -441 -506 -59 -123
208 864 2 -492 -64 1159 -416 -64 -945 -299 -764 37 -1058
209 864 9 -358 -548 -885 60 419 -104 -1132 301 -354 835
210 864 4 -496 -1218 -276 -523 649 -160 -500 41 -60 359
211 864 5 -43 -369 -534 -248 -665 186 -665 72 -6 -151
212 864 9 -695 -739 -905 418 -148 89 -1151 -81 -51 773
213 864 3 -391 169 -64 596 -594 19 -738 259 -156 -196
214 864 9 -827 -610 -420 34 230 -429 -1385 -121 212 790
215 864 0 588 -1088 63 -643 -513 -561 -717 -383 -233 -37
216 864 3 -788 -534 -222 1343 -1267 27 -1419 -40 -393 223
217 864 6 -396 -764 -648 -572 -589 720 769 -1475 143 -1094
218 864 5 -524 -219 -137 37 -720 874 -1075 369 -259 -538
219 864 5 83 -223 -1132 128 -1243 1083 -246 -519 152 -81
220 864 7 -112 -706 100 -252 -479 -50 -1724 808 -453 412
221 864 2 274 -887 456 -135 -727 -263 334 -76 -281 -695
222 864 2 -147 -499 1445 -655 -659 -909 -708 -243 -215 -1158
223 864 7 -99 -1103 252 552 -946 -615 -2250 1145 -73 227
224 864 1 -584 342 -120 -161 -260 -22 -153 39 -210 -407
225 864 2 -466 -522 886 362 -1168 -311 -696 -468 120 -708
226 864 8 -976 -809 -374 78 -477 54 -837 -855 1025 -324
227 864 4 -95 -269 -495 -314 598 -212 -307 -320 -218 156
228 864 1 -492 638 -138 -340 -529 -314 -125 76 -196 -495
229 864 7 -26 -188 132 412 -698 -160 -1275 578 -60 173
230 864 3 -51 207 -196 729 -1151 55 -833 -164 -438 -142
231 864 3 -214 -17 41 746 -540 20 -859 -556 263 -143
232 864 8 -325 -939 -481 -469 -1127 170 318 -1102 872 -488
233 864 8 -650 -1132 192 338 -732 -447 -2381 487 603 14
234 864 7 -332 -178 181 210 -757 -324 -971 580 -37 126
235 864 9 149 -1515 -334 -409 -113 -194 -962 226 -114 671
236 864 2 -529 16 1263 441 -1980 -513 -114 -450 51 -644
237 864 2 -1357 553 1241 -40 -308 -963 91 -772 215 -1090
238 864 4 -607 -1492 -419 -857 1236 -823 -515 -214 -229 395
239 864 1 -213 972 -106 77 -89 -103 -152 158 -43 -168
240 864 5 -806 -123 -828 345 -1171 949 -508 -939 72 148
241 864 9 -269 -1091 -694 -152 -619 121 -790 -649 -18 149
242 864 8 -57 -2211 -435 -1412 -692 -897 -794 -1135 1135 -14
243 864 7 -417 -431 171 54 130 -318 -689 928 -384 -101
244 864 2 -378 -206 463 302 -623 -342 -210 209 32 -497
245 864 3 20 102 139 497 -400 203 91 -195 -434 -690
246 864 0 1010 -804 -370 -657 -939 -313 319 -835 -447 -227
247 864 2 -419 -135 406 318 103 -357 297 -254 -406 -1057
248 864 4 -269 -1574 -196 -1060 1063 -839 -234 -262 -223 382
249 864 2 -995 526 810 487 -926 -348 -44 -501 -30 -749
250 864 4 -1036 -751 -706 -59 1184 -583 -1226 -234 27 694
251 864 1 -202 555 -207 92 -154 218 -122 32 77 -243
252 864 9 -555 -1237 -977 145 236 -92 -1160 -136 -32 1198
253 864 5 -424 -348 -453 329 -741 868 -710 -630 -138 14
254 864 7 308 -720 379 426 -948 -275 -1918 996 -229 266
255 864 7 -446 -265 380 182 -327 -488 -1092 699 -36 306
256 864 2 -786 256 648 249 -1399 -369 -251 -228 107 -679
257 864 8 -150 4 95 140 -340 -358 40 -603 522 -623
258 864 2 -269 -559 1342 -193 -943 -756 127 -705 -185 -1141
259 864 6 509 -513 -240 -654 -321 -92 596 -822 -568 -918
260 864 8 -344 -876 23 -103 -786 -117 -624 -618 762 -411
261 864 5 -201 -81 -269 86 -1152 811 -1252 204 267 -362
262 864 7 -259 -275 459 551 -986 -27 -2470 1637 -478 79
263 864 7 -157 -518 202 515 -854 -328 -1897 846 159 351
264 864 9 -248 -130 -421 -69 181 31 -729 -308 223 585
265 864 1 -223 916 -35 199 -426 -200 -30 102 163 -136
266 864 8 121 -1033 -554 -43 -380 -250 -278 -1355 439 -190
267 864 1 -259 943 -101 106 -113 -407 -31 47 29 -97
268 864 8 -312 -1273 -174 -77 -390 -244 -467 -367 544 -65
269 864 0 755 -282 -205 -416 -415 -116 -426 -50 -528 191
270 864 3 -128 -452 -380 1105 -965 438 -1460 -461 165 293
271 864 0 698 -889 -287 -502 -300 -51 -401 -499 -559 222
272 864 1 -219 880 -174 24 -256 -42 -83 182 -12 -103
273 864 9 -629 -1365 -748 -61 -319 -583 -1480 -61 88 804
274 864 9 -553 -1472 -128 266 -520 -625 -1205 168 171 730
275 864 4 -536 -1521 -345 -713 715 -308 -400 -257 -314 355
276 864 1 -217 759 127 115 -422 -416 -83 152 100 -234
277 864 8 -278 -1390 -356 -371 -538 -863 -974 -23 1000 303
278 864 2 -374 -1170 353 -48 -1198 -263 -868 -740 226 -656
279 864 1 -179 812 -77 35 -204 -87 -121 209 -114 -128
280 864 2 -1470 576 1222 609 -644 -873 -249 -1142 527 -1061
281 864 9 -451 -1082 -622 -397 183 -833 -901 -321 32 843
282 864 7 -417 -126 240 159 -883 -517 -570 496 -40 2
283 864 5 -554 -217 -815 -50 -556 968 -596 80 -216 -281
284 864 9 -12 -1160 -479 -479 -299 -105 -374 7 -178 443
285 864 2 -479 127 1188 629 -2071 -153 -110 -786 38 -1027
286 864 6 -494 -166 -117 -466 -922 356 796 -881 59 -973
287 864 4 -770 -1064 265 -169 1080 -790 -990 -211 -271 7
288 864 1 -191 571 -237 -161 -455 -242 -185 -55 54 -434
289 864 5 -552 -2 -282 -238 -156 515 -136 -650 211 -117
290 864 4 -958 -355 -772 -65 569 -253 -681 -539 513 275
291 864 2 -891 527 1122 530 -889 -5 -23 -1287 99 -1695
292 864 9 -174 -1203 -159 -408 -181 -572 -789 187 -161 682
293 864 2 -760 357 1410 38 -506 -1170 169 -49 -139 -959
294 864 0 810 -1007 48 -215 -1327 126 -1058 -259 -161 -168
295 864 4 -851 -661 -399 -96 1230 -628 -744 -4 53 401
296 864 0 1193 -957 -108 -324 -1094 -229 -387 -613 -718 -241
297 864 0 735 -636 -375 -282 -773 101 -178 -218 -438 -135
298 864 2 -789 499 1216 -112 -407 -670 -103 -1005 43 -696
299 864 8 -232 -421 83 261 -713 -152 -1003 -313 885 -403
300 864 4 -6 -185 -218 -332 353 -364 192 265 -645 -357
301 864 7 -307 -880 479 675 -533 -632 -403 1006 -366 -350
302 864 1 -343 933 -75 61 -164 -113 20 166 22 -257
303 864 2 -471 -679 651 3 -609 -256 -770 146 -340 -239
304 864 4 -600 -727 -402 -371 632 -639 -698 196 255 320
305 864 0 736 -1041 -20 -517 -922 83 -25 -584 75 -598
306 864 2 -701 452 1026 190 -988 -293 -215 -610 279 -726
307 864 7 -513 -351 -126 258 -377 -528 -758 643 -214 202
308 864 4 -1067 -1157 -631 -757 903 -737 -689 -517 581 16
309 864 3 -239 85 281 1262 -1157 199 -746 -555 134 -384
310 864 3 -244 -92 -193 659 -237 199 -422 -251 100 -131
311 864 0 1408 -1733 -580 -1082 -790 -548 -30 -1135 -729 -55
312 864 0 788 -1342 -123 -749 -635 -636 -123 -880 -434 83
313 864 3 -340 -407 -371 687 -329 514 -450 -726 -296 -545
314 864 1 -279 1068 -181 89 -209 -14 -99 195 109 -198
315 864 9 145 -2128 -333 -536 -248 -592 -1024 14 56 408
316 864 6 -452 -532 -579 -544 -434 423 1005 -1078 121 -816
317 864 5 -379 -857 -963 -470 -106 626 -62 -647 -458 -541
318 864 2 187 -888 708 181 -562 -377 81 -478 127 -1091
319 864 5 -768 -294 -1025 -59 -626 788 -124 -1671 -48 -423
320 864 9 -260 150 -187 227 -392 -191 -964 200 182 349
321 864 7 -692 -374 162 205 -1132 -255 -712 485 -58 -339
322 864 9 -390 -690 -905 215 132 -38 -1387 24 -7 1104
323 864 3 -477 -327 -139 1067 -695 -93 -1231 -664 349 -179
324 864 0 251 -169 -157 -284 -134 -119 -542 -57 -234 59
325 864 4 -465 -814 -291 -527 506 -593 -435 -147 -170 147
326 864 2 -934 738 1033 -113 -561 -141 43 -1220 278 -1387
327 864 0 925 -1043 -243 -536 -530 -504 34 -627 -629 -91
328 864 7 -455 -476 79 196 -671 -354 -1240 677 179 74
329 864 1 -248 835 -69 177 -248 -319 -117 81 86 -182
330 864 1 -210 888 -105 45 -268 -171 -99 94 -36 -126
331 864 2 -1211 324 1140 610 -1267 -410 -338 -715 498 -864
332 864 1 -268 766 -27 113 -154 -508 -174 123 125 -110
333 864 5 -867 -641 -294 374 -662 667 -1322 -425 70 -280
334 864 3 -346 -321 -292 977 -547 215 -1121 -308 168 86
335 864 3 -610 -172 112 540 -906 124 -394 -172 160 -204
336 864 9 -409 -1129 -523 -167 623 -834 -1233 22 -177 910
337 864 7 51 -557 436 591 -874 -378 -1845 820 -30 234
338 864 8 -376 -1120 67 131 -283 -90 -631 -993 991 -117
339 864 6 -431 -72 -17 -540 -567 457 707 -827 -2 -1207
340 864 3 -357 482 -130 513 -769 352 -170 -198 -375 -469
341 864 6 -186 -348 -148 -400 -324 60 487 -80 -82 -368
342 864 1 -183 797 -129 80 -169 -232 -157 104 137 -87
343 864 3 -106 -156 -214 841 -1063 93 -709 -926 83 -161
344 864 8 -375 -599 -445 -233 -587 171 -155 -999 467 -259
345 864 1 -104 783 -182 180 -111 -457 -239 134 135 17
346 864 0 756 -1287 -183 -32 -1200 -78 -965 -667 -73 -182
347 864 5 -1442 -211 -1328 -416 -803 1182 -388 -1278 94 -346
348 864 1 -424 650 -11 -35 -586 -236 39 23 117 -380
349 864 3 -736 -473 314 963 -504 -238 -1703 454 -18 167
350 864 1 -328 718 -98 187 -57 -60 -541 106 27 -38
351 864 5 -813 -819 -917 -31 -1681 1057 -256 -1127 -180 -262
352 864 5 34 -417 -189 -66 -794 390 -238 -527 -359 -574
353 864 6 -255 -2016 -2 -1141 -114 -405 874 -1116 -472 -572
354 864 1 -723 303 -160 -332 -103 -429 -458 -235 -156 -299
355 864 8 -403 -292 -298 -462 -665 -556 -244 -670 653 -423
356 864 5 -629 -94 -1523 219 -1303 1340 -963 -672 -98 284
357 864 1 -133 478 -12 130 -294 -74 -168 106 -27 -41
358 864 7 -628 -201 159 9 162 -364 -1172 418 256 219
359 864 9 -1018 -701 -640 -316 627 -613 -1128 -210 350 766
360 864 4 -684 -1077 173 -207 987 -434 -266 -30 -144 -537
361 864 6 -51 -1014 11 -907 -441 -211 1129 -773 -281 -832
362 864 2 -247 -767 928 99 -877 -398 -1294 625 87 -306
363 864 2 -790 720 1081 687 -1787 18 316 -843 119 -1234
364 864 5 -759 -387 -754 -24 -1477 778 -283 -752 -456 -593
365 864 0 531 -1004 -30 -138 -916 -333 -551 -586 -85 -90
366 864 6 -363 -571 -243 -656 -436 46 661 -281 -493 -1037
367 864 5 -822 -1055 -364 144 -622 821 -668 -1015 367 -65
368 864 6 -234 -329 5 -309 -498 200 752 -607 122 -682
369 864 3 -70 -275 -439 697 -805 -26 -1211 -405 -51 260
370 864 7 -235 -821 352 275 -483 -330 -1646 912 18 434
371 864 2 -543 511 1397 383 -1287 -312 302 -409 -174 -1559
372 864 0 375 -914 -248 -43 -558 226 -323 -270 -110 -200
373 864 8 -453 -879 -24 -96 -934 -179 -537 -899 755 -325
374 864 8 -311 -1017 -62 6 -473 -326 -640 -854 652 -144
375 864 5 -1179 -429 -1035 -360 -1287 1335 -326 -1375 -149 -532
376 864 4 -680 -458 -511 -204 934 -271 -785 107 -254 535
377 864 1 -172 710 -126 -70 -300 -194 -136 93 -24 -132
378 864 1 -192 730 -27 46 -147 -244 19 64 76 -162
379 864 4 -426 -1233 -73 -383 800 -452 -173 -10 -126 287
380 864 0 701 -1191 -518 -688 -255 163 -119 -905 184 -353
381 864 3 -388 58 123 639 -48 -159 -1210 511 -102 -42
382 864 3 -370 -244 -848 1036 -147 173 -1007 -536 0 44
383 864 7 -30 -538 47 275 -929 -51 -1302 672 -48 47
384 864 6 -266 -426 -269 -865 -559 308 1221 -686 -502 -1139
385 864 1 -200 683 76 120 -254 -300 -158 148 167 -210
386 864 6 -37 -416 -605 -13 -545 69 255 -611 -169 -357
387 864 2 -421 -63 729 208 -774 -296 -534 -27 0 -198
388 864 1 -592 444 -200 -469 -379 -304 -342 -51 -198 -484
389 864 9 -507 -483 -637 -56 584 -363 -1209 198 8 830
390 864 2 17 -1319 949 -502 -151 -648 -7 148 -459 -684
391 864 8 -12 -1671 72 -136 -831 -171 -573 -1117 273 -445
392 864 6 -113 -675 91 -454 -294 -23 976 -393 -622 -832
393 864 1 -159 681 55 10 -235 -364 -247 220 3 -89
394 864 9 -301 -705 -171 -782 -201 -123 -225 -13 17 203
395 864 5 -488 -637 -1176 -62 -1475 777 -218 -843 394 66
396 864 2 -1024 -227 1562 523 -327 -912 28 -631 92 -1714
397 864 5 -657 -184 -443 202 -926 857 -395 -596 1 -145
398 864 4 -586 -1271 -153 -565 763 -329 -151 -3 -42 295
399 864 4 -598 -984 378 -470 931 -1045 -464 -347 -747 182
400 864 2 -23 -1117 607 -265 -428 -537 -666 -940 138 -429
401 864 8 -579 -407 222 314 -716 -300 -587 -363 727 -293
402 864 3 -640 -358 105 902 -123 175 -196 -617 108 -546
403 864 8 -530 -653 -385 -910 -205 -61 -438 -386 119 -164
404 864 2 -501 -175 277 -11 -1105 -475 -616 132 -347 -140
405 864 4 -897 -1517 89 -102 1342 -803 -1166 47 -255 545
406 864 5 18 -1062 -1086 -451 -664 170 -273 -946 112 12
407 864 0 1095 -1189 -277 -344 -1019 196 -1063 -238 -378 117
408 864 3 87 7 -204 947 -1290 471 -439 -588 20 -407
409 864 1 -461 790 -219 93 -423 42 -67 -10 183 -242
410 864 7 -273 -307 501 656 -965 63 -2271 1389 -509 173
411 864 7 -386 -125 234 225 -892 -426 -995 602 186 51
412 864 5 -619 -866 -989 476 -1362 996 -1829 -139 158 -84
413 864 7 -143 -1041 430 -87 -1160 -94 -2676 1410 -197 227
414 864 9 -525 -258 -281 84 155 -209 -738 59 -41 619
415 864 7 -210 -849 290 -193 -514 -129 -1325 841 -277 243
416 864 1 -447 846 -19 -33 -420 -321 72 136 195 -261
417 864 9 -647 -255 -472 89 98 -370 -1619 424 -61 765
418 864 2 -307 -652 1040 313 -506 -613 -668 -497 123 -1028
419 864 1 -161 824 -93 113 -323 3 -134 214 -62 -116
420 864 4 -639 -825 -118 -499 337 -113 -374 -139 -116 72
421 864 2 54 -210 656 181 -1116 -219 -642 -395 -251 -980
422 864 9 -638 -1123 -504 -49 240 -236 -1377 74 162 822
423 864 2 -278 12 1059 496 -1897 -335 -209 -522 -327 -651
424 864 0 750 -706 -291 -656 -425 -156 52 -475 -227 -146
425 864 4 -511 -968 816 -1007 818 -1295 -147 -447 72 -497
426 864 9 -409 -402 -685 -25 195 -147 -1082 288 -204 724
427 864 1 -250 852 -147 40 -208 -58 -141 226 6 -122
428 864 4 -797 -540 -315 -471 683 -843 -518 -323 -183 226
429 864 8 -780 -791 -63 -437 -324 -218 -283 -348 796 -173
430 864 1 -348 681 27 -32 -535 -292 -4 67 146 -360
431 864 8 -531 -1282 10 107 -759 15 -625 -602 606 -154
432 864 4 -1014 -474 -157 -221 415 147 -94 -183 -416 -313
433 864 5 -531 -503 -630 -455 -8 730 -622 -288 45 -479
434 864 9 -361 -823 -273 387 -144 -614 -1038 174 2 589
435 864 8 -696 -592 -41 -36 -434 -411 -1120 189 487 171
436 864 8 -432 -862 -108 -260 -637 -202 -492 -566 407 -474
437 864 3 -1093 -662 49 1540 -862 491 -2423 -544 327 -121
438 864 7 170 -686 86 127 -924 -75 -1802 801 -214 262
439 864 6 -134 -490 -678 -237 -425 420 755 -820 -11 -519
440 864 0 1550 -1281 -419 -470 -1647 -85 -1007 -249 -1032 -58
441 864 0 631 -991 -161 -603 -590 -310 108 -916 -288 -301
442 864 3 -334 -322 -675 1267 -872 312 -1012 -414 -24 -62
443 864 0 424 -768 -212 -57 -438 90 -329 -488 -87 -184
444 864 2 -256 -815 566 321 -1260 -529 -956 -229 223 -634
445 864 0 421 -764 -552 -377 -723 235 2 -146 -888 -344
446 864 6 -431 -481 -642 -414 -1048 243 582 -1404 166 -501
447 864 4 -625 -1308 -728 -602 422 -645 -802 -42 -524 -10
448 864 9 -475 -968 -439 270 -493 -166 -1239 -629 208 275
449 864 3 -787 -85 -62 1033 -1655 894 -1626 -348 -541 -469
450 864 3 -655 86 -653 1170 -889 587 -1927 -497 -170 366
451 864 3 -551 -1282 -262 1234 -922 -309 -1481 -520 -32 113
452 864 2 -1277 571 978 513 -1092 -37 134 -151 170 -891
453 864 3 -613 -182 333 1043 -365 -130 -829 -328 218 -235
454 864 9 -34 -1675 -470 -437 -165 -161 -1016 277 -91 621
455 864 1 -730 795 -120 -9 -409 -687 -296 240 -157 -314
456 864 2 -708 196 440 159 -727 -14 -391 50 121 -497
457 864 6 -219 -358 -422 -260 -561 156 600 -862 83 -510
458 864 8 -772 -1078 -101 42 -738 -212 -529 -683 793 55
459 864 0 699 -811 -233 -799 -333 -288 92 -650 -309 -164
460 864 5 -130 -422 -466 -69 -658 644 -1425 440 -34 251
461 864 6 -250 -1502 365 -1237 -395 -573 1147 -1045 152 -1039
462 864 6 -252 -1218 -111 -1147 -1071 50 1609 -1227 225 -1433
463 864 6 -36 -1174 -214 -1707 -161 -117 1270 -889 -378 -895
464 864 3 -494 -1318 -164 1066 -1509 -198 -1914 338 -150 -10
465 864 8 -881 -1751 -492 265 -733 31 -1566 -213 742 414
466 864 8 -268 -348 -56 -320 -152 -594 -478 -540 674 -275
467 864 2 -852 54 1119 211 -1682 -350 -679 168 71 -601
468 864 7 -88 -1333 -204 -366 -774 -984 -908 512 -172 -300
469 864 5 -765 -833 -550 269 -1332 727 -1115 -722 243 -219
470 864 8 -355 -914 94 407 -595 -283 -645 -969 632 -418
471 864 9 -169 -633 -580 8 -118 -100 -934 289 -89 643
472 864 6 42 -844 57 -1236 43 -405 882 -460 -418 -612
473 864 1 -211 661 -121 73 -165 10 -174 192 89 -130
474 864 8 -517 -1344 -184 -343 -571 -565 -711 -1182 944 -19
475 864 4 -643 -1828 10 -772 1149 -760 -427 -594 -127 -78
476 864 1 -225 812 -44 34 -218 -270 10 108 29 -186
477 864 2 -1435 758 834 647 -132 -386 -914 -1093 287 -776
478 864 5 -268 -192 -507 16 -406 275 -180 -657 35 -277
479 864 9 -200 -509 -466 68 -156 108 -917 -281 -141 467
480 864 1 -638 658 -168 -39 -590 -178 -252 -5 -111 -551
481 864 9 -383 -1072 -380 23 151 -222 -1043 156 -48 863
482 864 7 -233 -627 607 507 -579 92 -1898 1485 -390 -250
483 864 5 89 -509 -447 -512 -646 680 -281 97 -391 -442
484 864 4 -529 -922 -519 -527 840 -346 -517 -70 -43 227
485 864 0 533 -894 -53 -553 -438 -149 -104 -552 -145 -82
486 864 8 -1082 -1209 80 -284 207 -390 -933 -358 836 -339
487 864 9 -353 -862 -719 -66 276 -259 -1011 200 -69 741
488 864 9 -164 -1150 -378 60 -284 -581 -1271 520 -80 714
489 864 1 -358 640 -42 31 -464 -286 -170 108 -65 -323
490 864 0 570 -953 -280 -317 -308 117 71 -234 -505 -344
491 864 5 -565 -500 -907 -1 -626 716 -671 -593 -263 431
492 864 2 -604 142 879 164 -950 -268 -554 -808 379 -1058
493 864 3 -1144 -512 163 1735 -390 269 -1350 -905 291 -299
494 864 7 -207 -1175 240 432 -790 -263 -2509 1031 -112 118
495 864 0 306 -1252 -197 0 -473 -525 22 -1358 -47 -293
496 864 9 -579 -745 -450 142 192 -373 -1051 -10 -136 825
497 864 4 -829 -13 -191 -69 401 -296 -614 -56 106 113
498 864 0 404 -1403 -84 -635 -584 -519 -250 -801 24 -228
499 864 6 -331 -597 -126 -441 -342 -45 458 -670 240 -592
